3.697604790419161873e+03 1.400636437326518115e-15
3.700604790419161873e+03 1.335396146633358267e-15
3.703604790419161873e+03 1.308371445511446268e-15
3.706604790419161873e+03 1.356645050323383835e-15
3.709604790419161873e+03 1.415050515886530261e-15
3.712604790419161873e+03 1.479671859880729656e-15
3.715604790419161873e+03 1.673265490497692833e-15
3.718604790419161873e+03 1.877667295871053204e-15
3.721604790419161873e+03 2.102440747330355231e-15
3.724604790419161873e+03 2.292603813815147805e-15
3.727604790419161873e+03 2.467069737990022764e-15
3.730604790419161873e+03 2.658439931388773725e-15
3.733604790419161873e+03 2.865638097099142802e-15
3.736604790419161873e+03 3.101391578528406610e-15
3.739604790419161873e+03 3.253469180746562717e-15
3.742604790419161873e+03 3.370111394845396668e-15
3.745604790419161873e+03 3.538086959260147892e-15
3.748604790419161873e+03 3.619943847943940848e-15
3.751604790419161873e+03 3.553007670755037063e-15
3.754604790419161873e+03 3.576695751035009860e-15
3.757604790419161873e+03 3.639876305671508544e-15
3.760604790419161873e+03 3.733207564052554601e-15
3.763604790419161873e+03 3.732116995818422026e-15
3.766604790419161873e+03 3.574713262322062035e-15
3.769604790419161873e+03 3.551708479290889145e-15
3.772604790419161873e+03 3.580387082780820203e-15
3.775604790419161873e+03 3.564283370049376965e-15
3.778604790419161873e+03 3.503129598686877779e-15
3.781604790419161873e+03 3.370485028601806933e-15
3.784604790419161873e+03 3.234458520906256793e-15
3.787604790419161873e+03 3.100781333438023878e-15
3.790604790419161873e+03 3.024308722776501135e-15
3.793604790419161873e+03 2.993437324456526184e-15
3.796604790419161873e+03 3.031962401965030850e-15
3.799604790419161873e+03 3.221343961199415750e-15
3.802604790419161873e+03 3.467426145148085684e-15
3.805604790419161873e+03 3.737559091259048925e-15
3.808604790419161873e+03 3.991724026475396465e-15
3.811604790419161873e+03 4.222577233839050544e-15
3.814604790419161873e+03 4.336097693579403519e-15
3.817604790419161873e+03 4.412190350705510207e-15
3.820604790419161873e+03 4.524225996054455075e-15
3.823604790419161873e+03 4.556216116182495810e-15
3.826604790419161873e+03 4.476065780050637128e-15
3.829604790419161873e+03 4.262134222443233693e-15
3.832604790419161873e+03 3.996406882566443347e-15
3.835604790419161873e+03 3.650114240042395445e-15
3.838604790419161873e+03 3.316184952630812539e-15
3.841604790419161873e+03 2.998881581142693461e-15
3.844604790419161873e+03 2.663787632616484655e-15
3.847604790419161873e+03 2.332246835479666243e-15
3.850604790419161873e+03 2.082561634527602641e-15
3.853604790419161873e+03 1.836028776062219157e-15
3.856604790419161873e+03 1.593566091508754356e-15
3.859604790419161873e+03 1.419549647224997593e-15
3.862604790419161873e+03 1.272641053805146618e-15
3.865604790419161873e+03 1.182671640924524517e-15
3.868604790419161873e+03 1.132553063107394768e-15
3.871604790419161873e+03 1.131847145160321940e-15
3.874604790419161873e+03 1.183953233464102657e-15
3.877604790419161873e+03 1.249017179696916529e-15
3.880604790419161873e+03 1.301808341625155671e-15
3.883604790419161873e+03 1.350386315018241927e-15
3.886604790419161873e+03 1.393946540549493619e-15
3.889604790419161873e+03 1.419786975721939561e-15
3.892604790419161873e+03 1.443850938567224489e-15
3.895604790419161873e+03 1.487009876985524344e-15
3.898604790419161873e+03 1.549939554498265510e-15
3.901604790419161873e+03 1.635488536937881329e-15
3.904604790419161873e+03 1.725358379293524761e-15
3.907604790419161873e+03 1.819885358211965232e-15
3.910604790419161873e+03 1.936562693227456332e-15
3.913604790419161873e+03 2.075237428624990832e-15
3.916604790419161873e+03 2.238090870867034150e-15
3.919604790419161873e+03 2.405851206745186346e-15
3.922604790419161873e+03 2.605686308991465214e-15
3.925604790419161873e+03 2.981297086831593304e-15
3.928604790419161873e+03 3.381963499633156798e-15
3.931604790419161873e+03 3.809090856607388087e-15
3.934604790419161873e+03 4.483133461979580283e-15
3.937604790419161873e+03 5.173072619512728296e-15
3.940604790419161873e+03 5.667250941735246849e-15
3.943604790419161873e+03 6.096666948596086612e-15
3.946604790419161873e+03 6.460365699788320696e-15
3.949604790419161873e+03 6.659811721354403301e-15
3.952604790419161873e+03 6.791567232828973280e-15
3.955604790419161873e+03 6.753197103114537134e-15
3.958604790419161873e+03 6.659748168782862298e-15
3.961604790419161873e+03 6.512595590527415209e-15
3.964604790419161873e+03 6.338740674886714848e-15
3.967604790419161873e+03 6.203942959006764807e-15
3.970604790419161873e+03 6.270219951088064371e-15
3.973604790419161873e+03 6.295093834161188818e-15
3.976604790419161873e+03 6.281178979800124956e-15
3.979604790419161873e+03 6.227601452523144191e-15
3.982604790419161873e+03 6.187396189223113428e-15
3.985604790419161873e+03 6.233560327449828255e-15
3.988604790419161873e+03 6.206444842077237851e-15
3.991604790419161873e+03 6.113368431290371796e-15
3.994604790419161873e+03 6.000715413109957359e-15
3.997604790419161873e+03 5.885333316462941681e-15
4.000604790419161873e+03 5.771475966979423584e-15
4.003604790419161873e+03 5.590775477379729603e-15
4.006604790419161873e+03 5.352271428647316773e-15
4.009604790419161873e+03 5.283722362741126149e-15
4.012604790419161873e+03 5.260435020740095941e-15
4.015604790419161873e+03 5.314536645763825996e-15
4.018604790419161873e+03 5.291957779020000183e-15
4.021604790419161873e+03 5.205680866739697493e-15
4.024604790419161873e+03 5.106317903604442834e-15
4.027604790419161873e+03 5.010818663437792603e-15
4.030604790419161873e+03 4.935222481323860161e-15
4.033604790419161873e+03 4.908861895129095815e-15
4.036604790419161873e+03 4.921783776013367749e-15
4.039604790419161873e+03 4.864708841343055738e-15
4.042604790419161873e+03 4.777531488691296993e-15
4.045604790419161873e+03 4.617501212797424197e-15
4.048604790419161873e+03 4.433211374231002471e-15
4.051604790419161873e+03 4.230334890702770306e-15
4.054604790419161873e+03 4.223743754236070642e-15
4.057604790419161873e+03 4.316629309674387624e-15
4.060604790419161873e+03 4.658302460930667660e-15
4.063604790419161873e+03 4.982155723901254479e-15
4.066604790419161873e+03 5.292901286135145053e-15
4.069604790419161873e+03 5.552457630708429372e-15
4.072604790419161873e+03 5.775544848429692579e-15
4.075604790419161873e+03 5.903634834067507999e-15
4.078604790419161873e+03 5.995548181070296205e-15
4.081604790419161873e+03 6.061920246312609776e-15
4.084604790419161873e+03 6.102705510830729046e-15
4.087604790419161873e+03 6.162816443231201951e-15
4.090604790419161873e+03 6.284186860728796873e-15
4.093604790419161873e+03 6.340915130731649348e-15
4.096604790419161873e+03 6.353851231616976583e-15
4.099604790419161873e+03 6.312784250754512346e-15
4.102604790419161873e+03 6.243240208409362188e-15
4.105604790419161873e+03 6.107038937803844497e-15
4.108604790419161873e+03 5.915728967755585583e-15
4.111604790419161873e+03 5.688607416949827921e-15
4.114604790419161873e+03 5.351371324260892335e-15
4.117604790419161873e+03 5.018149114255622828e-15
4.120604790419161873e+03 4.712509652378444614e-15
4.123604790419161873e+03 4.458611561318857698e-15
4.126604790419161873e+03 4.236954043652096654e-15
4.129604790419161873e+03 4.228593721481528574e-15
4.132604790419161873e+03 4.289163513729977944e-15
4.135604790419161873e+03 4.493003971440446123e-15
4.138604790419161873e+03 4.756065267489659272e-15
4.141604790419161873e+03 5.054495438295904669e-15
4.144604790419161873e+03 5.310076902487489318e-15
4.147604790419161873e+03 5.540818399513845797e-15
4.150604790419161873e+03 5.717314742768743752e-15
4.153604790419161873e+03 5.784175301347671932e-15
4.156604790419161873e+03 5.788304924552424486e-15
4.159604790419161873e+03 5.697628348458170329e-15
4.162604790419161873e+03 5.592116864829208076e-15
4.165604790419161873e+03 5.459424996826195405e-15
4.168604790419161873e+03 5.256728420364952313e-15
4.171604790419161873e+03 5.015677049980140449e-15
4.174604790419161873e+03 4.775316301203087364e-15
4.177604790419161873e+03 4.540701524301627285e-15
4.180604790419161873e+03 4.318306939960132856e-15
4.183604790419161873e+03 4.113656205879378518e-15
4.186604790419161873e+03 3.918309295921138376e-15
4.189604790419161873e+03 3.876880080847569495e-15
4.192604790419161873e+03 3.861727363715749651e-15
4.195604790419161873e+03 3.897772322820345571e-15
4.198604790419161873e+03 4.018720592796055005e-15
4.201604790419161873e+03 4.182477493589394952e-15
4.204604790419161873e+03 4.432332323792111522e-15
4.207604790419161873e+03 4.652225355230618273e-15
4.210604790419161873e+03 4.813781002016442577e-15
4.213604790419161873e+03 4.910555702467913328e-15
4.216604790419161873e+03 4.976254662354758777e-15
4.219604790419161873e+03 5.040060065545710393e-15
4.222604790419161873e+03 4.982155035574185614e-15
4.225604790419161873e+03 4.697520855825750902e-15
4.228604790419161873e+03 4.408101679194104110e-15
4.231604790419161873e+03 4.114108263326461198e-15
4.234604790419161873e+03 3.717128027144151626e-15
4.237604790419161873e+03 3.334807536242324085e-15
4.240604790419161873e+03 2.978630257757337865e-15
4.243604790419161873e+03 2.735170775708134490e-15
4.246604790419161873e+03 2.544635707502935995e-15
4.249604790419161873e+03 2.463231600486134449e-15
4.252604790419161873e+03 2.414953652333361475e-15
4.255604790419161873e+03 2.423258764726723280e-15
4.258604790419161873e+03 2.460895770844415828e-15
4.261604790419161873e+03 2.511198762933860568e-15
4.264604790419161873e+03 2.571544791889014900e-15
4.267604790419161873e+03 2.631273755786684017e-15
4.270604790419161873e+03 2.689992681616574062e-15
4.273604790419161873e+03 2.769026575304360067e-15
4.276604790419161873e+03 2.852632621533453985e-15
4.279604790419161873e+03 2.873336760551303783e-15
4.282604790419161873e+03 2.908521994219246034e-15
4.285604790419161873e+03 2.966431407184240780e-15
4.288604790419161873e+03 3.121912741931075663e-15
4.291604790419161873e+03 3.315295462316837621e-15
4.294604790419161873e+03 3.524488867422969322e-15
4.297604790419161873e+03 3.749598293621749894e-15
4.300604790419161873e+03 3.998661331564971387e-15
4.303604790419161873e+03 4.280469101081010098e-15
4.306604790419161873e+03 4.569040443654546161e-15
4.309604790419161873e+03 4.793792332654224788e-15
4.312604790419161873e+03 4.982416006981919290e-15
4.315604790419161873e+03 5.118874064027155776e-15
4.318604790419161873e+03 5.080668699362337716e-15
4.321604790419161873e+03 4.979412468942755734e-15
4.324604790419161873e+03 4.838884704443183508e-15
4.327604790419161873e+03 4.693430009884601702e-15
4.330604790419161873e+03 4.541147997958538820e-15
4.333604790419161873e+03 4.338027380156526260e-15
4.336604790419161873e+03 4.125110586318760453e-15
4.339604790419161873e+03 3.977233196714602942e-15
4.342604790419161873e+03 3.860466675705561928e-15
4.345604790419161873e+03 3.785084845013748545e-15
4.348604790419161873e+03 3.827396900189528957e-15
4.351604790419161873e+03 3.916261291683012677e-15
4.354604790419161873e+03 4.097620406746643394e-15
4.357604790419161873e+03 4.219538266381680651e-15
4.360604790419161873e+03 4.265533431582951058e-15
4.363604790419161873e+03 4.299539615973428046e-15
4.366604790419161873e+03 4.335586557976487902e-15
4.369604790419161873e+03 4.415093802329504505e-15
4.372604790419161873e+03 4.538468729137344311e-15
4.375604790419161873e+03 4.715654679756391039e-15
4.378604790419161873e+03 4.841865893153799513e-15
4.381604790419161873e+03 4.928385116662769390e-15
4.384604790419161873e+03 4.830002671571377303e-15
4.387604790419161873e+03 4.724871455753291495e-15
4.390604790419161873e+03 4.611788427470273976e-15
4.393604790419161873e+03 4.577265572282178873e-15
4.396604790419161873e+03 4.563359886381008382e-15
4.399604790419161873e+03 4.552413690112108453e-15
4.402604790419161873e+03 4.519234350952652765e-15
4.405604790419161873e+03 4.460888986223474336e-15
4.408604790419161873e+03 4.403066862790782164e-15
4.411604790419161873e+03 4.355788173225390397e-15
4.414604790419161873e+03 4.371256487795067306e-15
4.417604790419161873e+03 4.375885615683718562e-15
4.420604790419161873e+03 4.368727128056763451e-15
4.423604790419161873e+03 4.425528992718794253e-15
4.426604790419161873e+03 4.485963878834006112e-15
4.429604790419161873e+03 4.486214486179001495e-15
4.432604790419161873e+03 4.444599004474501751e-15
4.435604790419161873e+03 4.359237731763184415e-15
4.438604790419161873e+03 4.236036833725725250e-15
4.441604790419161873e+03 4.105660766028103880e-15
4.444604790419161873e+03 3.979482402870597082e-15
4.447604790419161873e+03 3.903821650830740049e-15
4.450604790419161873e+03 3.878880580352980077e-15
4.453604790419161873e+03 3.844705393007970958e-15
4.456604790419161873e+03 3.793580552455999611e-15
4.459604790419161873e+03 3.669767167260342271e-15
4.462604790419161873e+03 3.555058853860849390e-15
4.465604790419161873e+03 3.449134256782353633e-15
4.468604790419161873e+03 3.332488617895035996e-15
4.471604790419161873e+03 3.228039047095301797e-15
4.474604790419161873e+03 3.187071438109911038e-15
4.477604790419161873e+03 3.137873142298245345e-15
4.480604790419161873e+03 3.081045632928378134e-15
4.483604790419161873e+03 3.042663549526945531e-15
4.486604790419161873e+03 3.008938891613647071e-15
4.489604790419161873e+03 2.981704047278314679e-15
4.492604790419161873e+03 2.948484413343543692e-15
4.495604790419161873e+03 2.909934929048520383e-15
4.498604790419161873e+03 2.891244173181737991e-15
4.501604790419161873e+03 2.882906173049426671e-15
4.504604790419161873e+03 2.903239207873966969e-15
4.507604790419161873e+03 2.919913931103834362e-15
4.510604790419161873e+03 2.933458765524924977e-15
4.513604790419161873e+03 2.966675967805907100e-15
4.516604790419161873e+03 3.025300404290230289e-15
4.519604790419161873e+03 3.167850934635993370e-15
4.522604790419161873e+03 3.286860494615176529e-15
4.525604790419161873e+03 3.386523657129464328e-15
4.528604790419161873e+03 3.517357324225549724e-15
4.531604790419161873e+03 3.672734161093057567e-15
4.534604790419161873e+03 3.899913937571296835e-15
4.537604790419161873e+03 4.133569509580930980e-15
4.540604790419161873e+03 4.372336334492127638e-15
4.543604790419161873e+03 4.767324269381614646e-15
4.546604790419161873e+03 5.154023310587574640e-15
4.549604790419161873e+03 5.453061929104485841e-15
4.552604790419161873e+03 5.700946933176422031e-15
4.555604790419161873e+03 5.910062882090052169e-15
4.558604790419161873e+03 5.976782076327167442e-15
4.561604790419161873e+03 5.984895505051388672e-15
4.564604790419161873e+03 5.856113671183597974e-15
4.567604790419161873e+03 5.748670356866584061e-15
4.570604790419161873e+03 5.656752655050304656e-15
4.573604790419161873e+03 5.583709547675496159e-15
4.576604790419161873e+03 5.512816334541866842e-15
4.579604790419161873e+03 5.443132637391891816e-15
4.582604790419161873e+03 5.431998520979143802e-15
4.585604790419161873e+03 5.461749874504908604e-15
4.588604790419161873e+03 5.618157465673042149e-15
4.591604790419161873e+03 5.764161970366718371e-15
4.594604790419161873e+03 5.852180005079066314e-15
4.597604790419161873e+03 5.925246183807235692e-15
4.600604790419161873e+03 5.988294619026004566e-15
4.603604790419161873e+03 5.945965987781511515e-15
4.606604790419161873e+03 5.905362768725661937e-15
4.609604790419161873e+03 5.888820542989887759e-15
4.612604790419161873e+03 5.851122247361981189e-15
4.615604790419161873e+03 5.799828575672248801e-15
4.618604790419161873e+03 5.811117812055371614e-15
4.621604790419161873e+03 5.841486465596069643e-15
4.624604790419161873e+03 5.911218305988857800e-15
4.627604790419161873e+03 5.954971321951986186e-15
4.630604790419161873e+03 5.982718029960077205e-15
4.633604790419161873e+03 5.985823149614239259e-15
4.636604790419161873e+03 5.998788176716327957e-15
4.639604790419161873e+03 6.038437110614519578e-15
4.642604790419161873e+03 6.022036417575893730e-15
4.645604790419161873e+03 5.972539754345999463e-15
4.648604790419161873e+03 5.914351888575148395e-15
4.651604790419161873e+03 5.857625011151719369e-15
4.654604790419161873e+03 5.804993526877820909e-15
4.657604790419161873e+03 5.768022161273811375e-15
4.660604790419161873e+03 5.739908550292455277e-15
4.663604790419161873e+03 5.721047520578387095e-15
4.666604790419161873e+03 5.688988028531604582e-15
4.669604790419161873e+03 5.627315160385807595e-15
4.672604790419161873e+03 5.539052988388190919e-15
4.675604790419161873e+03 5.436391685689292128e-15
4.678604790419161873e+03 5.408170307138268642e-15
4.681604790419161873e+03 5.384559873909093817e-15
4.684604790419161873e+03 5.368329091452720067e-15
4.687604790419161873e+03 5.388812417971659988e-15
4.690604790419161873e+03 5.428320328232355746e-15
4.693604790419161873e+03 5.466206420144325243e-15
4.696604790419161873e+03 5.472397700862897827e-15
4.699604790419161873e+03 5.414833527952103509e-15
4.702604790419161873e+03 5.404725866515322637e-15
4.705604790419161873e+03 5.418004160783491250e-15
4.708604790419161873e+03 5.407024549615842901e-15
4.711604790419161873e+03 5.382140409604104882e-15
4.714604790419161873e+03 5.330502224793157253e-15
4.717604790419161873e+03 5.281127098391410475e-15
4.720604790419161873e+03 5.232489520520571716e-15
4.723604790419161873e+03 5.162354866308072460e-15
4.726604790419161873e+03 5.083556989718595038e-15
4.729604790419161873e+03 4.988808302930291097e-15
4.732604790419161873e+03 4.887033696056439546e-15
4.735604790419161873e+03 4.780019847169394257e-15
4.738604790419161873e+03 4.593498742892050484e-15
4.741604790419161873e+03 4.400655763380277632e-15
4.744604790419161873e+03 4.196668154548989239e-15
4.747604790419161873e+03 3.953329898921277585e-15
4.750604790419161873e+03 3.699145078268907326e-15
4.753604790419161873e+03 3.612679522632556096e-15
4.756604790419161873e+03 3.566275540397901494e-15
4.759604790419161873e+03 3.587524733997191637e-15
4.762604790419161873e+03 3.541684591919410558e-15
4.765604790419161873e+03 3.466391959342072206e-15
4.768604790419161873e+03 3.351830550664948385e-15
4.771604790419161873e+03 3.253499751025482652e-15
4.774604790419161873e+03 3.181437654863345143e-15
4.777604790419161873e+03 3.090409225967479329e-15
4.780604790419161873e+03 2.991637181541332002e-15
4.783604790419161873e+03 2.887473667264690375e-15
4.786604790419161873e+03 2.768365480234721305e-15
4.789604790419161873e+03 2.626066408830325119e-15
4.792604790419161873e+03 2.567677964805849021e-15
4.795604790419161873e+03 2.546845261021979582e-15
4.798604790419161873e+03 2.616196504935478702e-15
4.801604790419161873e+03 2.773969095362190255e-15
4.804604790419161873e+03 3.063348954853999755e-15
4.807604790419161873e+03 3.445788535765086409e-15
4.810604790419161873e+03 3.863497432552276071e-15
4.813604790419161873e+03 4.309758457583027537e-15
4.816604790419161873e+03 4.744658996885214520e-15
4.819604790419161873e+03 5.163335514565348706e-15
4.822604790419161873e+03 5.521708585819262622e-15
4.825604790419161873e+03 5.851438429092685878e-15
4.828604790419161873e+03 6.091135098739098046e-15
4.831604790419161873e+03 6.301078758167220973e-15
4.834604790419161873e+03 6.470241083400256940e-15
4.837604790419161873e+03 6.593884096747778748e-15
4.840604790419161873e+03 6.684507688866293923e-15
4.843604790419161873e+03 6.598948378385275849e-15
4.846604790419161873e+03 6.454151824582677429e-15
4.849604790419161873e+03 6.231406725638954277e-15
4.852604790419161873e+03 5.974770176398142184e-15
4.855604790419161873e+03 5.716926698668451891e-15
4.858604790419161873e+03 5.535735634724761199e-15
4.861604790419161873e+03 5.298445514224706675e-15
4.864604790419161873e+03 4.990271194250569827e-15
4.867604790419161873e+03 4.910423794353836867e-15
4.870604790419161873e+03 4.914596160834750253e-15
4.873604790419161873e+03 5.065102447710753815e-15
4.876604790419161873e+03 5.247965481135929711e-15
4.879604790419161873e+03 5.470095022891749893e-15
4.882604790419161873e+03 5.690113398984694856e-15
4.885604790419161873e+03 5.907984147965740965e-15
4.888604790419161873e+03 6.114795701810116160e-15
4.891604790419161873e+03 6.279181733242030660e-15
4.894604790419161873e+03 6.394112076443897575e-15
4.897604790419161873e+03 6.480243660145038284e-15
4.900604790419161873e+03 6.559923334595494708e-15
4.903604790419161873e+03 6.644852815845103705e-15
4.906604790419161873e+03 6.706664256014141460e-15
4.909604790419161873e+03 6.742586098696616094e-15
4.912604790419161873e+03 6.731004027113996538e-15
4.915604790419161873e+03 6.694127929628049077e-15
4.918604790419161873e+03 6.574529433603258723e-15
4.921604790419161873e+03 6.445421606777275445e-15
4.924604790419161873e+03 6.306082055235646689e-15
4.927604790419161873e+03 6.212084341627070353e-15
4.930604790419161873e+03 6.088830835118004743e-15
4.933604790419161873e+03 5.751260908916961949e-15
4.936604790419161873e+03 5.451958646156170116e-15
4.939604790419161873e+03 5.192218622730055941e-15
4.942604790419161873e+03 4.856222749135194026e-15
4.945604790419161873e+03 4.506977107555028422e-15
4.948604790419161873e+03 4.170649105867699073e-15
4.951604790419161873e+03 3.895237231377242545e-15
4.954604790419161873e+03 3.680337530985533212e-15
4.957604790419161873e+03 3.568600327086133579e-15
4.960604790419161873e+03 3.507800419398610950e-15
4.963604790419161873e+03 3.593356683351969663e-15
4.966604790419161873e+03 3.745638016555438287e-15
4.969604790419161873e+03 3.961607517287588305e-15
4.972604790419161873e+03 4.251516542642621653e-15
4.975604790419161873e+03 4.557765293681509680e-15
4.978604790419161873e+03 4.877751665894949016e-15
4.981604790419161873e+03 5.129106828084778265e-15
4.984604790419161873e+03 5.317520867816712582e-15
4.987604790419161873e+03 5.492153741331721090e-15
4.990604790419161873e+03 5.670535944834535617e-15
4.993604790419161873e+03 5.873798824441420538e-15
4.996604790419161873e+03 6.022946389048954460e-15
4.999604790419161873e+03 6.124412875108878515e-15
5.002604790419161873e+03 6.175687200743657287e-15
5.005604790419161873e+03 6.217447820177292233e-15
5.008604790419161873e+03 6.251843111701690188e-15
5.011604790419161873e+03 6.277881551955281566e-15
5.014604790419161873e+03 6.296846441194641887e-15
5.017604790419161873e+03 6.221020022757305778e-15
5.020604790419161873e+03 6.158917142857981550e-15
5.023604790419161873e+03 6.194959066895303958e-15
5.026604790419161873e+03 6.156080529661870886e-15
5.029604790419161873e+03 6.056289578801776021e-15
5.032604790419161873e+03 5.997300855989271504e-15
5.035604790419161873e+03 5.928690010194275637e-15
5.038604790419161873e+03 5.809216279850226115e-15
5.041604790419161873e+03 5.730515978536292862e-15
5.044604790419161873e+03 5.683651802495869564e-15
5.047604790419161873e+03 5.556130040785317947e-15
5.050604790419161873e+03 5.434246722087457004e-15
5.053604790419161873e+03 5.360512359377083459e-15
5.056604790419161873e+03 5.274311960114965384e-15
5.059604790419161873e+03 5.178765661505560296e-15
5.062604790419161873e+03 5.067970660796277846e-15
5.065604790419161873e+03 4.951529686895161287e-15
5.068604790419161873e+03 4.822429927942936093e-15
5.071604790419161873e+03 4.714318533090701730e-15
5.074604790419161873e+03 4.621312036429425206e-15
5.077604790419161873e+03 4.472694908339954652e-15
5.080604790419161873e+03 4.310724294989995646e-15
5.083604790419161873e+03 4.124198820639804510e-15
5.086604790419161873e+03 3.923785469476450996e-15
5.089604790419161873e+03 3.713780266385896991e-15
5.092604790419161873e+03 3.501573884088673873e-15
5.095604790419161873e+03 3.290222239746834851e-15
5.098604790419161873e+03 3.081716808398816375e-15
5.101604790419161873e+03 2.942278736265045735e-15
5.104604790419161873e+03 2.848605429805287031e-15
5.107604790419161873e+03 2.846975104461043190e-15
5.110604790419161873e+03 2.883567014210433637e-15
5.113604790419161873e+03 3.005013484294644811e-15
5.116604790419161873e+03 3.150595874847112753e-15
5.119604790419161873e+03 3.311515999407702868e-15
5.122604790419161873e+03 3.489499710778042916e-15
5.125604790419161873e+03 3.670876318709167254e-15
5.128604790419161873e+03 3.858428876246871249e-15
5.131604790419161873e+03 4.045552900672485686e-15
5.134604790419161873e+03 4.232415859422747294e-15
5.137604790419161873e+03 4.437091669098129425e-15
5.140604790419161873e+03 4.621511346891045712e-15
5.143604790419161873e+03 4.755597907850892616e-15
5.146604790419161873e+03 4.939865623226070674e-15
5.149604790419161873e+03 5.153427711147164114e-15
5.152604790419161873e+03 5.277011515227522332e-15
5.155604790419161873e+03 5.383756955405399857e-15
5.158604790419161873e+03 5.458855761274226208e-15
5.161604790419161873e+03 5.432228017380928034e-15
5.164604790419161873e+03 5.348722047012743392e-15
5.167604790419161873e+03 5.311138617146997771e-15
5.170604790419161873e+03 5.277561319272538773e-15
5.173604790419161873e+03 5.250462825523332700e-15
5.176604790419161873e+03 5.184178179626095011e-15
5.179604790419161873e+03 5.096919536052084151e-15
5.182604790419161873e+03 5.199235169252944517e-15
5.185604790419161873e+03 5.307022998822469943e-15
5.188604790419161873e+03 5.421413167003426747e-15
5.191604790419161873e+03 5.443944341924164151e-15
5.194604790419161873e+03 5.419437058525572523e-15
5.197604790419161873e+03 5.342888609746920587e-15
5.200604790419161873e+03 5.265117081152886671e-15
5.203604790419161873e+03 5.185120905472137164e-15
5.206604790419161873e+03 5.120466405983667753e-15
5.209604790419161873e+03 5.062670732559685365e-15
5.212604790419161873e+03 4.923819169061486421e-15
5.215604790419161873e+03 4.820180295522910758e-15
5.218604790419161873e+03 4.783499915440357680e-15
5.221604790419161873e+03 4.796309455789615185e-15
5.224604790419161873e+03 4.833002174692224976e-15
5.227604790419161873e+03 4.909771483469601003e-15
5.230604790419161873e+03 4.968875590630156683e-15
5.233604790419161873e+03 4.995831019426167176e-15
5.236604790419161873e+03 4.981696733653665557e-15
5.239604790419161873e+03 4.948267823891161173e-15
5.242604790419161873e+03 4.881978742606222814e-15
5.245604790419161873e+03 4.802990624400746013e-15
5.248604790419161873e+03 4.701871885284474755e-15
5.251604790419161873e+03 4.620937563019251666e-15
5.254604790419161873e+03 4.549176634551146932e-15
5.257604790419161873e+03 4.492000235089961283e-15
5.260604790419161873e+03 4.496769370739821381e-15
5.263604790419161873e+03 4.604964444230473066e-15
5.266604790419161873e+03 4.685372978294353451e-15
5.269604790419161873e+03 4.754830937732873539e-15
5.272604790419161873e+03 4.830855527203612521e-15
5.275604790419161873e+03 4.917834055020618992e-15
5.278604790419161873e+03 5.022342674481725278e-15
5.281604790419161873e+03 5.137174456782001877e-15
5.284604790419161873e+03 5.248791401929619628e-15
5.287604790419161873e+03 5.243139729318541211e-15
5.290604790419161873e+03 5.294732191203723203e-15
5.293604790419161873e+03 5.434169783597507612e-15
5.296604790419161873e+03 5.419808387168929968e-15
5.299604790419161873e+03 5.355141351850394970e-15
5.302604790419161873e+03 5.376071748922911694e-15
5.305604790419161873e+03 5.413219159066599449e-15
5.308604790419161873e+03 5.474238652596298056e-15
5.311604790419161873e+03 5.504860252966868819e-15
5.314604790419161873e+03 5.526208194149592018e-15
5.317604790419161873e+03 5.563442360436486899e-15
5.320604790419161873e+03 5.614186309172832497e-15
5.323604790419161873e+03 5.684013096682061360e-15
5.326604790419161873e+03 5.681921635223118599e-15
5.329604790419161873e+03 5.652521785112286726e-15
5.332604790419161873e+03 5.586932995212384727e-15
5.335604790419161873e+03 5.534343496661870468e-15
5.338604790419161873e+03 5.499378429172828974e-15
5.341604790419161873e+03 5.459134950364469435e-15
5.344604790419161873e+03 5.415164906191497211e-15
5.347604790419161873e+03 5.352098869024148041e-15
5.350604790419161873e+03 5.294744527174431681e-15
5.353604790419161873e+03 5.244825010776454274e-15
5.356604790419161873e+03 5.243918121660221441e-15
5.359604790419161873e+03 5.249727691292445877e-15
5.362604790419161873e+03 5.190715132355067865e-15
5.365604790419161873e+03 5.158793335647455762e-15
5.368604790419161873e+03 5.160734991727024419e-15
5.371604790419161873e+03 5.152154402681993669e-15
5.374604790419161873e+03 5.140217542129627223e-15
5.377604790419161873e+03 5.125227635439192285e-15
5.380604790419161873e+03 5.091298793686647506e-15
5.383604790419161873e+03 5.034632138243136492e-15
5.386604790419161873e+03 5.111527761329408181e-15
5.389604790419161873e+03 5.197417056025619059e-15
5.392604790419161873e+03 5.103873792867757834e-15
5.395604790419161873e+03 5.076710711599978222e-15
5.398604790419161873e+03 5.126103570764136782e-15
5.401604790419161873e+03 5.113236590372603518e-15
5.404604790419161873e+03 5.084308106705953836e-15
5.407604790419161873e+03 5.051623320138860845e-15
5.410604790419161873e+03 5.019982227138513926e-15
5.413604790419161873e+03 4.989497540754898047e-15
5.416604790419161873e+03 5.000152612669733412e-15
5.419604790419161873e+03 5.012694901285271070e-15
5.422604790419161873e+03 4.980820905143624928e-15
5.425604790419161873e+03 4.948857875928659781e-15
5.428604790419161873e+03 4.916800065626027127e-15
5.431604790419161873e+03 4.902203475529249964e-15
5.434604790419161873e+03 4.882539162057448645e-15
5.437604790419161873e+03 4.815471430582838708e-15
5.440604790419161873e+03 4.773378584820182046e-15
5.443604790419161873e+03 4.756832055532728866e-15
5.446604790419161873e+03 4.714563965510818902e-15
5.449604790419161873e+03 4.665765301280463385e-15
5.452604790419161873e+03 4.610514215238019136e-15
5.455604790419161873e+03 4.576205114766333440e-15
5.458604790419161873e+03 4.562478836524489623e-15
5.461604790419161873e+03 4.536722082455649557e-15
5.464604790419161873e+03 4.510774356718781712e-15
5.467604790419161873e+03 4.494472884716423550e-15
5.470604790419161873e+03 4.486353516985888085e-15
5.473604790419161873e+03 4.485961104130422675e-15
5.476604790419161873e+03 4.510611136053325672e-15
5.479604790419161873e+03 4.542311921194736837e-15
5.482604790419161873e+03 4.585551151719011063e-15
5.485604790419161873e+03 4.623379824555889288e-15
5.488604790419161873e+03 4.656299171572353318e-15
5.491604790419161873e+03 4.732790876529579973e-15
5.494604790419161873e+03 4.816020133530130154e-15
5.497604790419161873e+03 4.898031113110814045e-15
5.500604790419161873e+03 4.946642412911157667e-15
5.503604790419161873e+03 4.966138176165744138e-15
5.506604790419161873e+03 4.977937415135603078e-15
5.509604790419161873e+03 4.969476611690241244e-15
5.512604790419161873e+03 4.888031247844376482e-15
5.515604790419161873e+03 4.877659460655364105e-15
5.518604790419161873e+03 4.926805277390478244e-15
5.521604790419161873e+03 4.878368827180286746e-15
5.524604790419161873e+03 4.835531757002590841e-15
5.527604790419161873e+03 4.860277460314403499e-15
5.530604790419161873e+03 4.797366858570841865e-15
5.533604790419161873e+03 4.663952386014475076e-15
5.536604790419161873e+03 4.681836161582439463e-15
5.539604790419161873e+03 4.714439869739373144e-15
5.542604790419161873e+03 4.734106251115001850e-15
5.545604790419161873e+03 4.724192560246097276e-15
5.548604790419161873e+03 4.691431054141138338e-15
5.551604790419161873e+03 4.685402376316774843e-15
5.554604790419161873e+03 4.668594862032541450e-15
5.557604790419161873e+03 4.607742965435461933e-15
5.560604790419161873e+03 4.548216669104375631e-15
5.563604790419161873e+03 4.489673436701718532e-15
5.566604790419161873e+03 4.505705839973485953e-15
5.569604790419161873e+03 4.505665333250094859e-15
5.572604790419161873e+03 4.434564894864082349e-15
5.575604790419161873e+03 4.392529469759599868e-15
5.578604790419161873e+03 4.371183832013822523e-15
5.581604790419161873e+03 4.360926842473398645e-15
5.584604790419161873e+03 4.342427944641924414e-15
5.587604790419161873e+03 4.297412253118499824e-15
5.590604790419161873e+03 4.260356499387161877e-15
5.593604790419161873e+03 4.228738105177854713e-15
5.596604790419161873e+03 4.230470080072483968e-15
5.599604790419161873e+03 4.231927745291388387e-15
5.602604790419161873e+03 4.225844008188296642e-15
5.605604790419161873e+03 4.240081705881208663e-15
5.608604790419161873e+03 4.267635762278545874e-15
5.611604790419161873e+03 4.285341714394239253e-15
5.614604790419161873e+03 4.301407162420788045e-15
5.617604790419161873e+03 4.314814528759810047e-15
5.620604790419161873e+03 4.319322360810667894e-15
5.623604790419161873e+03 4.318237852788793031e-15
5.626604790419161873e+03 4.335001502731663758e-15
5.629604790419161873e+03 4.353111310878802101e-15
5.632604790419161873e+03 4.372267081671102511e-15
5.635604790419161873e+03 4.385419789164518414e-15
5.638604790419161873e+03 4.394956578999223201e-15
5.641604790419161873e+03 4.422143566941237452e-15
5.644604790419161873e+03 4.447053285565523883e-15
5.647604790419161873e+03 4.464879455595943578e-15
5.650604790419161873e+03 4.471778472260931897e-15
5.653604790419161873e+03 4.472371156973153649e-15
5.656604790419161873e+03 4.470372393350743166e-15
5.659604790419161873e+03 4.464351750000656074e-15
5.662604790419161873e+03 4.449444914888750773e-15
5.665604790419161873e+03 4.421641345149324618e-15
5.668604790419161873e+03 4.386709931375065667e-15
5.671604790419161873e+03 4.398077496847392653e-15
5.674604790419161873e+03 4.411174574374334905e-15
5.677604790419161873e+03 4.426032434551743411e-15
5.680604790419161873e+03 4.423152888405114519e-15
5.683604790419161873e+03 4.410890380622168386e-15
5.686604790419161873e+03 4.392105879130389166e-15
5.689604790419161873e+03 4.367305811953520480e-15
5.692604790419161873e+03 4.330270499377469593e-15
5.695604790419161873e+03 4.300210152393870685e-15
5.698604790419161873e+03 4.273691475621186116e-15
5.701604790419161873e+03 4.265577937070470917e-15
5.704604790419161873e+03 4.264534312575322322e-15
5.707604790419161873e+03 4.277379513325417299e-15
5.710604790419161873e+03 4.277014211213014538e-15
5.713604790419161873e+03 4.269779247455782246e-15
5.716604790419161873e+03 4.217972739126173731e-15
5.719604790419161873e+03 4.167905360520729808e-15
5.722604790419161873e+03 4.121106346396904135e-15
5.725604790419161873e+03 4.098393806203843578e-15
5.728604790419161873e+03 4.085857315625041498e-15
5.731604790419161873e+03 4.028049660263483200e-15
5.734604790419161873e+03 3.976122905282474405e-15
5.737604790419161873e+03 3.934775200148035753e-15
5.740604790419161873e+03 3.897025843437691840e-15
5.743604790419161873e+03 3.860774595894171252e-15
5.746604790419161873e+03 3.821707849844628248e-15
5.749604790419161873e+03 3.797631795692858717e-15
5.752604790419161873e+03 3.799382096604081833e-15
5.755604790419161873e+03 3.801386352349477741e-15
5.758604790419161873e+03 3.803251159587473286e-15
5.761604790419161873e+03 3.799294467234862112e-15
5.764604790419161873e+03 3.808519443992010012e-15
5.767604790419161873e+03 3.839504636422411787e-15
5.770604790419161873e+03 3.875064436280413832e-15
5.773604790419161873e+03 3.911863753009673704e-15
5.776604790419161873e+03 3.937514880005669808e-15
5.779604790419161873e+03 3.961696884512567809e-15
5.782604790419161873e+03 3.983554040544451953e-15
5.785604790419161873e+03 3.965963979601523807e-15
5.788604790419161873e+03 3.932573971432435717e-15
5.791604790419161873e+03 3.887493155217736468e-15
5.794604790419161873e+03 3.858282513540733141e-15
5.797604790419161873e+03 3.853156257343030054e-15
5.800604790419161873e+03 3.819469563128566931e-15
5.803604790419161873e+03 3.775092838258518413e-15
5.806604790419161873e+03 3.726331850373829754e-15
5.809604790419161873e+03 3.666597357966719441e-15
5.812604790419161873e+03 3.590886733975493776e-15
5.815604790419161873e+03 3.511847860537818595e-15
5.818604790419161873e+03 3.433241587813334232e-15
5.821604790419161873e+03 3.372666795909851875e-15
5.824604790419161873e+03 3.333047685325623655e-15
5.827604790419161873e+03 3.322706368737661793e-15
5.830604790419161873e+03 3.367986692796468848e-15
5.833604790419161873e+03 3.432067899414087523e-15
5.836604790419161873e+03 3.502548982038177036e-15
5.839604790419161873e+03 3.573743358538480313e-15
5.842604790419161873e+03 3.645894348788658890e-15
5.845604790419161873e+03 3.679252812652530857e-15
5.848604790419161873e+03 3.700615329768020287e-15
5.851604790419161873e+03 3.721977846883509718e-15
5.854604790419161873e+03 3.743340363998999148e-15
5.857604790419161873e+03 3.764702881114488578e-15
5.860604790419161873e+03 3.786065398229978008e-15
5.863604790419161873e+03 3.807427915345467438e-15
5.866604790419161873e+03 3.828790432460956869e-15
5.869604790419161873e+03 3.850152949576446299e-15
5.872604790419161873e+03 3.871515466691935729e-15
5.875604790419161873e+03 3.892877983807425159e-15
5.878604790419161873e+03 3.914240500922914590e-15
5.881604790419161873e+03 3.935603018038403231e-15
5.884604790419161873e+03 3.956965535153892661e-15
5.887604790419161873e+03 3.978328052269382091e-15
5.890604790419161873e+03 3.999690569384871522e-15
5.893604790419161873e+03 4.021053086500360952e-15
5.896604790419161873e+03 4.042415603615850382e-15
5.899604790419161873e+03 4.063778120731339812e-15
5.902604790419161873e+03 4.085140637846829242e-15
5.905604790419161873e+03 4.106503154962318673e-15
5.908604790419161873e+03 4.127865672077808103e-15
5.911604790419161873e+03 4.149228189193297533e-15
5.914604790419161873e+03 4.170590706308786963e-15
5.917604790419161873e+03 4.191953223424276393e-15
5.920604790419161873e+03 4.213315740539765035e-15
5.923604790419161873e+03 4.224155961944900600e-15
5.926604790419161873e+03 4.175540556703567906e-15
5.929604790419161873e+03 4.137658758614545379e-15
5.932604790419161873e+03 4.111082440190051671e-15
5.935604790419161873e+03 4.114720050885672208e-15
5.938604790419161873e+03 4.129634956102564765e-15
5.941604790419161873e+03 4.169736732271242944e-15
5.944604790419161873e+03 4.186940154330297445e-15
5.947604790419161873e+03 4.180969338495277697e-15
5.950604790419161873e+03 4.162314417891189001e-15
5.953604790419161873e+03 4.141748431723429338e-15
5.956604790419161873e+03 4.124200972709589756e-15
5.959604790419161873e+03 4.119271242193286691e-15
5.962604790419161873e+03 4.126611507499382658e-15
5.965604790419161873e+03 4.106812713820367057e-15
5.968604790419161873e+03 4.089006390502586059e-15
5.971604790419161873e+03 4.103123803714935732e-15
5.974604790419161873e+03 4.112194630257441822e-15
5.977604790419161873e+03 4.116550113270595408e-15
5.980604790419161873e+03 4.106065898907519183e-15
5.983604790419161873e+03 4.091816641612094955e-15
5.986604790419161873e+03 4.072374139478232005e-15
5.989604790419161873e+03 4.064466623915212295e-15
5.992604790419161873e+03 4.066914380387378482e-15
5.995604790419161873e+03 4.082772561430787207e-15
5.998604790419161873e+03 4.095390339680113364e-15
6.001604790419161873e+03 4.086610193710973198e-15
6.004604790419161873e+03 4.050529983892934667e-15
6.007604790419161873e+03 3.990904737595561585e-15
6.010604790419161873e+03 3.974540641470971550e-15
6.013604790419161873e+03 3.968263871889589696e-15
6.016604790419161873e+03 3.976363118018331728e-15
6.019604790419161873e+03 3.978520504250524274e-15
6.022604790419161873e+03 3.975755254729005577e-15
6.025604790419161873e+03 3.969066093793749966e-15
6.028604790419161873e+03 3.961515795749530368e-15
6.031604790419161873e+03 3.952747271302051887e-15
6.034604790419161873e+03 3.953689653954956339e-15
6.037604790419161873e+03 3.962358994945799085e-15
6.040604790419161873e+03 3.979664354038534424e-15
6.043604790419161873e+03 3.989297528662057205e-15
6.046604790419161873e+03 3.969835004370024306e-15
6.049604790419161873e+03 3.948333666914537153e-15
6.052604790419161873e+03 3.925274503908102082e-15
6.055604790419161873e+03 3.919300440952041837e-15
6.058604790419161873e+03 3.909754265517393455e-15
6.061604790419161873e+03 3.883137030015626514e-15
6.064604790419161873e+03 3.862735560806080299e-15
6.067604790419161873e+03 3.846893754066953261e-15
6.070604790419161873e+03 3.840741417312125191e-15
6.073604790419161873e+03 3.827715834336607190e-15
6.076604790419161873e+03 3.791338943220134146e-15
6.079604790419161873e+03 3.772715788123528939e-15
6.082604790419161873e+03 3.766592712469479208e-15
6.085604790419161873e+03 3.789083133272881995e-15
6.088604790419161873e+03 3.807936589949729769e-15
6.091604790419161873e+03 3.809704269321134289e-15
6.094604790419161873e+03 3.835472693038772957e-15
6.097604790419161873e+03 3.877455666448506090e-15
6.100604790419161873e+03 3.903996224054186760e-15
6.103604790419161873e+03 3.924881214394182995e-15
6.106604790419161873e+03 3.933459009974158498e-15
6.109604790419161873e+03 3.940310292769467659e-15
6.112604790419161873e+03 3.946042749845767457e-15
6.115604790419161873e+03 3.954871755001225090e-15
6.118604790419161873e+03 3.960221476103201484e-15
6.121604790419161873e+03 3.956152137294632894e-15
6.124604790419161873e+03 3.965325564849080748e-15
6.127604790419161873e+03 3.982727507425206508e-15
6.130604790419161873e+03 3.992476412832624777e-15
6.133604790419161873e+03 3.999186115253028040e-15
6.136604790419161873e+03 3.999373014014834601e-15
6.139604790419161873e+03 3.976105317136740095e-15
6.142604790419161873e+03 3.938869437504956954e-15
6.145604790419161873e+03 3.885431572863500619e-15
6.148604790419161873e+03 3.851765017348998987e-15
6.151604790419161873e+03 3.865652398084993978e-15
6.154604790419161873e+03 3.864257976404666802e-15
6.157604790419161873e+03 3.854144783439793144e-15
6.160604790419161873e+03 3.799028946796513879e-15
6.163604790419161873e+03 3.743569954579035635e-15
6.166604790419161873e+03 3.690085413266918356e-15
6.169604790419161873e+03 3.644873217700153155e-15
6.172604790419161873e+03 3.604180173975754925e-15
6.175604790419161873e+03 3.604068685523083065e-15
6.178604790419161873e+03 3.612362438525987904e-15
6.181604790419161873e+03 3.637056666640391078e-15
6.184604790419161873e+03 3.676170842530053414e-15
6.187604790419161873e+03 3.722823714521061381e-15
6.190604790419161873e+03 3.751346608632041360e-15
6.193604790419161873e+03 3.785626103875057386e-15
6.196604790419161873e+03 3.831839430932419848e-15
6.199604790419161873e+03 3.857243969992513329e-15
6.202604790419161873e+03 3.872217539445123213e-15
6.205604790419161873e+03 3.879229056486537279e-15
6.208604790419161873e+03 3.889363011929091508e-15
6.211604790419161873e+03 3.905558530764854065e-15
6.214604790419161873e+03 3.918599346152214511e-15
6.217604790419161873e+03 3.930187937536011547e-15
6.220604790419161873e+03 3.945879500274552218e-15
6.223604790419161873e+03 3.958070758218069616e-15
6.226604790419161873e+03 3.963760499460571638e-15
6.229604790419161873e+03 3.970415312728068357e-15
6.232604790419161873e+03 3.977513016382603049e-15
6.235604790419161873e+03 3.984712892985516957e-15
6.238604790419161873e+03 3.988442142390665249e-15
6.241604790419161873e+03 3.985999962287031311e-15
6.244604790419161873e+03 3.958495709957352518e-15
6.247604790419161873e+03 3.919667539130801203e-15
6.250604790419161873e+03 3.868964521630709237e-15
6.253604790419161873e+03 3.821909391565077875e-15
6.256604790419161873e+03 3.781067479845549895e-15
6.259604790419161873e+03 3.744919217148010129e-15
6.262604790419161873e+03 3.710744709014634597e-15
6.265604790419161873e+03 3.677116572729798641e-15
6.268604790419161873e+03 3.640304553460100497e-15
6.271604790419161873e+03 3.598295723434027579e-15
6.274604790419161873e+03 3.544972895124641962e-15
6.277604790419161873e+03 3.487654337128875447e-15
6.280604790419161873e+03 3.438863909241805785e-15
6.283604790419161873e+03 3.404378443752442704e-15
6.286604790419161873e+03 3.392278047407614457e-15
6.289604790419161873e+03 3.395076245488563079e-15
6.292604790419161873e+03 3.401666194823615246e-15
6.295604790419161873e+03 3.381345755158940470e-15
6.298604790419161873e+03 3.358999279212200195e-15
6.301604790419161873e+03 3.333612063288050125e-15
6.304604790419161873e+03 3.315659510282398410e-15
6.307604790419161873e+03 3.303185893787600748e-15
6.310604790419161873e+03 3.326415909460713455e-15
6.313604790419161873e+03 3.355334641256474760e-15
6.316604790419161873e+03 3.392444754871692455e-15
6.319604790419161873e+03 3.429457823664553855e-15
6.322604790419161873e+03 3.466352879068661630e-15
6.325604790419161873e+03 3.502310236718601585e-15
6.328604790419161873e+03 3.530171791673263520e-15
6.331604790419161873e+03 3.546845486167889304e-15
6.334604790419161873e+03 3.555305734302308302e-15
6.337604790419161873e+03 3.559910350258342316e-15
6.340604790419161873e+03 3.552717948454110548e-15
6.343604790419161873e+03 3.546009344595528066e-15
6.346604790419161873e+03 3.539942559373820774e-15
6.349604790419161873e+03 3.536429992735711796e-15
6.352604790419161873e+03 3.534309814938078037e-15
6.355604790419161873e+03 3.537530764192553114e-15
6.358604790419161873e+03 3.525818813860800036e-15
6.361604790419161873e+03 3.495084924873080847e-15
6.364604790419161873e+03 3.484976303572847632e-15
6.367604790419161873e+03 3.475821798735806437e-15
6.370604790419161873e+03 3.427584800685423391e-15
6.373604790419161873e+03 3.377095342951501818e-15
6.376604790419161873e+03 3.323850287350292847e-15
6.379604790419161873e+03 3.280100855707476133e-15
6.382604790419161873e+03 3.237964055226780078e-15
6.385604790419161873e+03 3.188944233715549984e-15
6.388604790419161873e+03 3.141779492113290560e-15
6.391604790419161873e+03 3.096794670751384022e-15
6.394604790419161873e+03 3.035118682933422017e-15
6.397604790419161873e+03 2.964618604940202663e-15
6.400604790419161873e+03 2.864428528941525521e-15
6.403604790419161873e+03 2.755216472523508523e-15
6.406604790419161873e+03 2.635819545858725569e-15
6.409604790419161873e+03 2.502469145373276725e-15
6.412604790419161873e+03 2.364352808156282318e-15
6.415604790419161873e+03 2.217755311546312551e-15
6.418604790419161873e+03 2.084770095835711882e-15
6.421604790419161873e+03 1.966548824179627445e-15
6.424604790419161873e+03 1.901099995498455636e-15
6.427604790419161873e+03 1.847678128975843601e-15
6.430604790419161873e+03 1.795121837080018672e-15
6.433604790419161873e+03 1.745652173487369942e-15
6.436604790419161873e+03 1.699399145640012634e-15
6.439604790419161873e+03 1.666285488302419184e-15
6.442604790419161873e+03 1.636807719653664704e-15
6.445604790419161873e+03 1.611821353104892016e-15
6.448604790419161873e+03 1.592314579450690708e-15
6.451604790419161873e+03 1.578294695086394663e-15
6.454604790419161873e+03 1.592424324804146110e-15
6.457604790419161873e+03 1.617724680749383674e-15
6.460604790419161873e+03 1.670092566980037341e-15
6.463604790419161873e+03 1.743885337563244827e-15
6.466604790419161873e+03 1.838291867634480863e-15
6.469604790419161873e+03 1.994254012690978177e-15
6.472604790419161873e+03 2.175670445797713137e-15
6.475604790419161873e+03 2.420833725706716873e-15
6.478604790419161873e+03 2.682324220025108061e-15
6.481604790419161873e+03 2.958908502824383614e-15
6.484604790419161873e+03 3.304760058126791475e-15
6.487604790419161873e+03 3.667962944722938649e-15
6.490604790419161873e+03 4.055116536353354134e-15
6.493604790419161873e+03 4.406476094573777347e-15
6.496604790419161873e+03 4.726043716084564525e-15
6.499604790419161873e+03 5.029239319532665957e-15
6.502604790419161873e+03 5.331826547463077301e-15
6.505604790419161873e+03 5.641951756070047005e-15
6.508604790419161873e+03 5.954025225394137301e-15
6.511604790419161873e+03 6.267761082407803569e-15
6.514604790419161873e+03 6.482546099607333743e-15
6.517604790419161873e+03 6.675514484431903653e-15
6.520604790419161873e+03 6.839492720404608865e-15
6.523604790419161873e+03 6.995640708651649049e-15
6.526604790419161873e+03 7.145370927273662214e-15
6.529604790419161873e+03 7.230573077318330961e-15
6.532604790419161873e+03 7.303950551660320073e-15
6.535604790419161873e+03 7.364983253053488304e-15
6.538604790419161873e+03 7.397110391967316485e-15
6.541604790419161873e+03 7.406484281937830917e-15
6.544604790419161873e+03 7.437851283535503910e-15
6.547604790419161873e+03 7.462111769007356362e-15
6.550604790419161873e+03 7.454570529506213960e-15
6.553604790419161873e+03 7.425424958428688241e-15
6.556604790419161873e+03 7.379949945143316653e-15
6.559604790419161873e+03 7.354323393331015008e-15
6.562604790419161873e+03 7.312533306521076786e-15
6.565604790419161873e+03 7.213941955490879226e-15
6.568604790419161873e+03 7.105770944028076940e-15
6.571604790419161873e+03 6.990648904559072022e-15
6.574604790419161873e+03 6.903022760762943864e-15
6.577604790419161873e+03 6.809885602453490642e-15
6.580604790419161873e+03 6.693026609358464030e-15
6.583604790419161873e+03 6.567325326099364660e-15
6.586604790419161873e+03 6.435466375762123538e-15
6.589604790419161873e+03 6.303716559064186569e-15
6.592604790419161873e+03 6.171862678192689275e-15
6.595604790419161873e+03 6.039692479757496742e-15
6.598604790419161873e+03 5.903383309040358882e-15
6.601604790419161873e+03 5.764308698463365438e-15
6.604604790419161873e+03 5.640252395471128694e-15
6.607604790419161873e+03 5.522418063631561276e-15
6.610604790419161873e+03 5.418438887339774016e-15
6.613604790419161873e+03 5.311679072302186947e-15
6.616604790419161873e+03 5.203137341387107046e-15
6.619604790419161873e+03 5.110362644912135877e-15
6.622604790419161873e+03 5.019372619138826260e-15
6.625604790419161873e+03 4.930631297527132453e-15
6.628604790419161873e+03 4.842841395934616531e-15
6.631604790419161873e+03 4.755636040261508994e-15
6.634604790419161873e+03 4.677887142403241569e-15
6.637604790419161873e+03 4.601211931910922580e-15
6.640604790419161873e+03 4.526081360768922572e-15
6.643604790419161873e+03 4.466715200901485995e-15
6.646604790419161873e+03 4.416631046403952272e-15
6.649604790419161873e+03 4.375041121747681880e-15
6.652604790419161873e+03 4.326595586027223652e-15
6.655604790419161873e+03 4.261672352957938938e-15
6.658604790419161873e+03 4.185699806105352089e-15
6.661604790419161873e+03 4.103495492269888627e-15
6.664604790419161873e+03 4.041865461215749407e-15
6.667604790419161873e+03 3.977602265057057691e-15
6.670604790419161873e+03 3.906442023557125343e-15
6.673604790419161873e+03 3.837080454297682993e-15
6.676604790419161873e+03 3.768690094332029753e-15
6.679604790419161873e+03 3.738095120721846215e-15
6.682604790419161873e+03 3.706112538488247592e-15
6.685604790419161873e+03 3.670093280270616215e-15
6.688604790419161873e+03 3.630896745473992288e-15
6.691604790419161873e+03 3.590058671213751690e-15
6.694604790419161873e+03 3.559719731012567892e-15
6.697604790419161873e+03 3.524302399188118219e-15
6.700604790419161873e+03 3.478613399887957806e-15
6.703604790419161873e+03 3.454554584150392131e-15
6.706604790419161873e+03 3.441212238413220639e-15
6.709604790419161873e+03 3.432913848845405924e-15
6.712604790419161873e+03 3.418097076089803649e-15
6.715604790419161873e+03 3.390775133257434202e-15
6.718604790419161873e+03 3.364418337737534946e-15
6.721604790419161873e+03 3.338859072911800927e-15
6.724604790419161873e+03 3.334369270895429227e-15
6.727604790419161873e+03 3.327599308461852975e-15
6.730604790419161873e+03 3.316643315677447304e-15
6.733604790419161873e+03 3.302923651413486265e-15
6.736604790419161873e+03 3.288098990963230827e-15
6.739604790419161873e+03 3.278559373844709146e-15
6.742604790419161873e+03 3.267989713644895260e-15
6.745604790419161873e+03 3.255609445606775798e-15
6.748604790419161873e+03 3.238727542472355278e-15
6.751604790419161873e+03 3.220459627476489521e-15
6.754604790419161873e+03 3.216949805747544293e-15
6.757604790419161873e+03 3.213552618750801135e-15
6.760604790419161873e+03 3.210345100597748590e-15
6.763604790419161873e+03 3.219475163550597547e-15
6.766604790419161873e+03 3.233287905247655495e-15
6.769604790419161873e+03 3.239306439499874831e-15
6.772604790419161873e+03 3.239234648422948259e-15
6.775604790419161873e+03 3.229333601858290545e-15
6.778604790419161873e+03 3.211582180808086645e-15
6.781604790419161873e+03 3.191558962472797637e-15
6.784604790419161873e+03 3.184928844584548846e-15
6.787604790419161873e+03 3.182972602737167140e-15
6.790604790419161873e+03 3.188248986017425734e-15
6.793604790419161873e+03 3.190094342332179843e-15
6.796604790419161873e+03 3.189773479380554396e-15
6.799604790419161873e+03 3.176800929203088473e-15
6.802604790419161873e+03 3.167257084795178822e-15
6.805604790419161873e+03 3.162802459860097875e-15
6.808604790419161873e+03 3.164270877053301479e-15
6.811604790419161873e+03 3.166412980557527019e-15
6.814604790419161873e+03 3.151300147031840756e-15
6.817604790419161873e+03 3.139061516715398446e-15
6.820604790419161873e+03 3.130916308066313655e-15
6.823604790419161873e+03 3.130438551494800604e-15
6.826604790419161873e+03 3.131719373830664823e-15
6.829604790419161873e+03 3.124387798519823477e-15
6.832604790419161873e+03 3.118056954214907268e-15
6.835604790419161873e+03 3.113094038277144278e-15
6.838604790419161873e+03 3.108131122339380894e-15
6.841604790419161873e+03 3.103168206401617904e-15
6.844604790419161873e+03 3.098205290463854915e-15
6.847604790419161873e+03 3.093242374526091925e-15
6.850604790419161873e+03 3.088279458588328541e-15
6.853604790419161873e+03 3.083316542650565551e-15
6.856604790419161873e+03 3.078353626712802561e-15
6.859604790419161873e+03 3.073390710775039571e-15
6.862604790419161873e+03 3.068427794837276187e-15
6.865604790419161873e+03 3.063464878899513197e-15
6.868604790419161873e+03 3.058501962961750207e-15
6.871604790419161873e+03 3.053539047023987218e-15
6.874604790419161873e+03 3.048576131086223833e-15
6.877604790419161873e+03 3.043613215148460844e-15
6.880604790419161873e+03 3.038650299210697854e-15
6.883604790419161873e+03 3.033687383272934470e-15
6.886604790419161873e+03 3.028724467335171480e-15
6.889604790419161873e+03 3.023761551397408490e-15
6.892604790419161873e+03 3.018798635459645500e-15
6.895604790419161873e+03 3.013835719521882116e-15
6.898604790419161873e+03 3.008872803584119126e-15
6.901604790419161873e+03 3.003909887646356136e-15
6.904604790419161873e+03 2.998946971708593147e-15
6.907604790419161873e+03 2.993984055770829762e-15
6.910604790419161873e+03 2.989021139833066773e-15
6.913604790419161873e+03 2.984058223895303783e-15
6.916604790419161873e+03 2.979095307957540399e-15
6.919604790419161873e+03 2.974132392019777409e-15
6.922604790419161873e+03 2.969169476082014419e-15
6.925604790419161873e+03 2.964206560144251429e-15
6.928604790419161873e+03 2.959243644206488045e-15
6.931604790419161873e+03 2.954280728268725055e-15
6.934604790419161873e+03 2.949317812330962065e-15
6.937604790419161873e+03 2.944354896393199076e-15
6.940604790419161873e+03 2.939391980455435691e-15
6.943604790419161873e+03 2.949087364302060880e-15
6.946604790419161873e+03 2.963361066181043008e-15
6.949604790419161873e+03 2.985465452384988424e-15
6.952604790419161873e+03 3.004082379742325745e-15
6.955604790419161873e+03 3.019244182308588192e-15
6.958604790419161873e+03 3.018778151432130486e-15
6.961604790419161873e+03 3.014240785829197043e-15
6.964604790419161873e+03 3.004671490436228740e-15
6.967604790419161873e+03 2.992993526129277562e-15
6.970604790419161873e+03 2.979308218557456028e-15
6.973604790419161873e+03 2.968479278868178070e-15
6.976604790419161873e+03 2.961089478689199390e-15
6.979604790419161873e+03 2.966558226512782932e-15
6.982604790419161873e+03 2.972470371887241142e-15
6.985604790419161873e+03 2.978788070690396850e-15
6.988604790419161873e+03 2.979254825874937032e-15
6.991604790419161873e+03 2.977103352029140746e-15
6.994604790419161873e+03 2.968136147194079002e-15
6.997604790419161873e+03 2.963751029343509857e-15
7.000604790419161873e+03 2.963392420430560851e-15
7.003604790419161873e+03 2.964139642828336675e-15
7.006604790419161873e+03 2.965225986208763083e-15
7.009604790419161873e+03 2.966978167674660785e-15
7.012604790419161873e+03 2.975192325256426050e-15
7.015604790419161873e+03 2.988861500712691201e-15
7.018604790419161873e+03 2.986643310905053557e-15
7.021604790419161873e+03 2.977175590822893151e-15
7.024604790419161873e+03 2.949292699134325099e-15
7.027604790419161873e+03 2.920924591646048311e-15
7.030604790419161873e+03 2.892163050141863111e-15
7.033604790419161873e+03 2.893480004082061958e-15
7.036604790419161873e+03 2.901932277677317183e-15
7.039604790419161873e+03 2.921974790185047396e-15
7.042604790419161873e+03 2.922064844921946859e-15
7.045604790419161873e+03 2.906617956211276059e-15
7.048604790419161873e+03 2.894819920818252665e-15
7.051604790419161873e+03 2.888494280915007794e-15
7.054604790419161873e+03 2.898598256053499012e-15
7.057604790419161873e+03 2.895045571035499042e-15
7.060604790419161873e+03 2.881282150574912519e-15
7.063604790419161873e+03 2.882637466248064629e-15
7.066604790419161873e+03 2.888729115294343791e-15
7.069604790419161873e+03 2.904716474295063086e-15
7.072604790419161873e+03 2.901862581740039519e-15
7.075604790419161873e+03 2.885486053782726680e-15
7.078604790419161873e+03 2.880360266600827231e-15
7.081604790419161873e+03 2.878363454578080767e-15
7.084604790419161873e+03 2.882588354468298745e-15
7.087604790419161873e+03 2.882379862907513844e-15
7.090604790419161873e+03 2.879117810718119145e-15
7.093604790419161873e+03 2.882659275334050959e-15
7.096604790419161873e+03 2.885415141696961631e-15
7.099604790419161873e+03 2.884554450025887547e-15
7.102604790419161873e+03 2.891158711184067264e-15
7.105604790419161873e+03 2.902695615206218115e-15
7.108604790419161873e+03 2.901875459262925605e-15
7.111604790419161873e+03 2.895869047155541157e-15
7.114604790419161873e+03 2.878339880455113350e-15
7.117604790419161873e+03 2.868540825242927069e-15
7.120604790419161873e+03 2.863640308071657195e-15
7.123604790419161873e+03 2.867190151620269345e-15
7.126604790419161873e+03 2.865995985296856998e-15
7.129604790419161873e+03 2.851782871968525319e-15
7.132604790419161873e+03 2.837003948674279637e-15
7.135604790419161873e+03 2.821881303390045900e-15
7.138604790419161873e+03 2.812642267360537942e-15
7.141604790419161873e+03 2.804724012809887849e-15
7.144604790419161873e+03 2.799352212509505790e-15
7.147604790419161873e+03 2.790248570006074417e-15
7.150604790419161873e+03 2.778972602514972774e-15
7.153604790419161873e+03 2.770811514227903845e-15
7.156604790419161873e+03 2.771883075289523615e-15
7.159604790419161873e+03 2.793725688158070653e-15
7.162604790419161873e+03 2.815455570495192256e-15
7.165604790419161873e+03 2.837122604100803255e-15
7.168604790419161873e+03 2.838320928030588408e-15
7.171604790419161873e+03 2.840042441450392019e-15
7.174604790419161873e+03 2.843866379743300384e-15
7.177604790419161873e+03 2.853156981632250787e-15
7.180604790419161873e+03 2.865364996848474620e-15
7.183604790419161873e+03 2.866202094525788424e-15
7.186604790419161873e+03 2.865428146062989714e-15
7.189604790419161873e+03 2.861583246512645179e-15
7.192604790419161873e+03 2.869945581072224505e-15
7.195604790419161873e+03 2.884540352745212349e-15
7.198604790419161873e+03 2.861417056648072424e-15
7.201604790419161873e+03 2.832170816387664590e-15
7.204604790419161873e+03 2.790887643142804400e-15
7.207604790419161873e+03 2.777028673192690800e-15
7.210604790419161873e+03 2.776637785375673013e-15
7.213604790419161873e+03 2.785623880641868689e-15
7.216604790419161873e+03 2.797492331637224011e-15
7.219604790419161873e+03 2.814825595806935317e-15
7.222604790419161873e+03 2.822839567871421364e-15
7.225604790419161873e+03 2.826170444393000572e-15
7.228604790419161873e+03 2.811742151049017191e-15
7.231604790419161873e+03 2.802403058073796303e-15
7.234604790419161873e+03 2.802298862396949134e-15
7.237604790419161873e+03 2.799493599972197584e-15
7.240604790419161873e+03 2.795878605285765888e-15
7.243604790419161873e+03 2.805599246424724023e-15
7.246604790419161873e+03 2.818425755270832812e-15
7.249604790419161873e+03 2.836649345706415252e-15
7.252604790419161873e+03 2.839028867446550052e-15
7.255604790419161873e+03 2.834643360756035253e-15
7.258604790419161873e+03 2.829337762447045295e-15
7.261604790419161873e+03 2.833020798879407195e-15
7.264604790419161873e+03 2.851668955918368043e-15
7.267604790419161873e+03 2.864942071525569022e-15
7.270604790419161873e+03 2.874464730717856036e-15
7.273604790419161873e+03 2.853128326328933801e-15
7.276604790419161873e+03 2.839870446870354550e-15
7.279604790419161873e+03 2.839504721186624325e-15
7.282604790419161873e+03 2.837795563856014518e-15
7.285604790419161873e+03 2.835696259069314715e-15
7.288604790419161873e+03 2.835645717170445685e-15
7.291604790419161873e+03 2.833070594252425309e-15
7.294604790419161873e+03 2.826632097350553416e-15
7.297604790419161873e+03 2.816198639429203260e-15
7.300604790419161873e+03 2.805263588174434951e-15
7.303604790419161873e+03 2.807404470491775303e-15
7.306604790419161873e+03 2.803892635805127424e-15
7.309604790419161873e+03 2.792082723940218331e-15
7.312604790419161873e+03 2.788573711466384736e-15
7.315604790419161873e+03 2.789105673793698817e-15
7.318604790419161873e+03 2.803163812652635987e-15
7.321604790419161873e+03 2.811333431500892323e-15
7.324604790419161873e+03 2.811208163987948369e-15
7.327604790419161873e+03 2.799646132243160252e-15
7.330604790419161873e+03 2.784135615527960066e-15
7.333604790419161873e+03 2.766839559571422806e-15
7.336604790419161873e+03 2.752036310337112529e-15
7.339604790419161873e+03 2.740603616670883268e-15
7.342604790419161873e+03 2.735862957398052456e-15
7.345604790419161873e+03 2.733801610238167437e-15
7.348604790419161873e+03 2.737114078707569019e-15
7.351604790419161873e+03 2.737441183428734572e-15
7.354604790419161873e+03 2.733892793008840752e-15
7.357604790419161873e+03 2.729645502870059889e-15
7.360604790419161873e+03 2.724233843167486562e-15
7.363604790419161873e+03 2.710948967042423393e-15
7.366604790419161873e+03 2.699816067910731549e-15
7.369604790419161873e+03 2.691365902429967825e-15
7.372604790419161873e+03 2.696426994541188306e-15
7.375604790419161873e+03 2.702837539370881461e-15
7.378604790419161873e+03 2.691217659393500862e-15
7.381604790419161873e+03 2.682442931859237202e-15
7.384604790419161873e+03 2.677074900013440453e-15
7.387604790419161873e+03 2.684268306558761973e-15
7.390604790419161873e+03 2.693603798116168933e-15
7.393604790419161873e+03 2.695052886320231452e-15
7.396604790419161873e+03 2.699207668997661461e-15
7.399604790419161873e+03 2.706474580940596270e-15
7.402604790419161873e+03 2.712408331838823071e-15
7.405604790419161873e+03 2.717888609926708045e-15
7.408604790419161873e+03 2.722598249629041734e-15
7.411604790419161873e+03 2.729907293119400482e-15
7.414604790419161873e+03 2.740088787014172262e-15
7.417604790419161873e+03 2.735767478537985882e-15
7.420604790419161873e+03 2.730965994040920081e-15
7.423604790419161873e+03 2.742718403010898287e-15
7.426604790419161873e+03 2.751137785079081310e-15
7.429604790419161873e+03 2.756018397844124848e-15
7.432604790419161873e+03 2.744145609363359501e-15
7.435604790419161873e+03 2.730987507181290220e-15
7.438604790419161873e+03 2.730321238522977008e-15
7.441604790419161873e+03 2.730703211711544364e-15
7.444604790419161873e+03 2.732154560655195919e-15
7.447604790419161873e+03 2.728812704644654615e-15
7.450604790419161873e+03 2.726222025147721288e-15
7.453604790419161873e+03 2.732135897016084921e-15
7.456604790419161873e+03 2.747243190938231979e-15
7.459604790419161873e+03 2.771362218731278682e-15
7.462604790419161873e+03 2.760438970168617572e-15
7.465604790419161873e+03 2.741216928859491094e-15
7.468604790419161873e+03 2.714133934955366910e-15
7.471604790419161873e+03 2.708719688878654360e-15
7.474604790419161873e+03 2.723714379709141697e-15
7.477604790419161873e+03 2.730483466542585467e-15
7.480604790419161873e+03 2.733910199506811507e-15
7.483604790419161873e+03 2.729106030365416357e-15
7.486604790419161873e+03 2.722721534411591722e-15
7.489604790419161873e+03 2.714906932825225985e-15
7.492604790419161873e+03 2.716052629352851199e-15
7.495604790419161873e+03 2.716717476790631185e-15
7.498604790419161873e+03 2.709618436008963673e-15
7.501604790419161873e+03 2.700962129248610406e-15
7.504604790419161873e+03 2.690951930797833134e-15
7.507604790419161873e+03 2.684331999521175641e-15
7.510604790419161873e+03 2.677947844438931016e-15
7.513604790419161873e+03 2.670561101369441973e-15
7.516604790419161873e+03 2.664254219129108884e-15
7.519604790419161873e+03 2.658849198680158349e-15
7.522604790419161873e+03 2.643057750089509689e-15
7.525604790419161873e+03 2.628315037750762499e-15
7.528604790419161873e+03 2.622327669862114391e-15
7.531604790419161873e+03 2.621078025660394852e-15
7.534604790419161873e+03 2.623628785711140572e-15
7.537604790419161873e+03 2.615368732754744848e-15
7.540604790419161873e+03 2.608375460687482442e-15
7.543604790419161873e+03 2.610113733673652113e-15
7.546604790419161873e+03 2.611129205393697636e-15
7.549604790419161873e+03 2.611587890272700032e-15
7.552604790419161873e+03 2.612046575151702822e-15
7.555604790419161873e+03 2.612505260030705612e-15
7.558604790419161873e+03 2.612963944909708008e-15
7.561604790419161873e+03 2.613422629788710799e-15
7.564604790419161873e+03 2.613881314667713589e-15
7.567604790419161873e+03 2.614339999546715985e-15
7.570604790419161873e+03 2.614798684425718776e-15
7.573604790419161873e+03 2.615257369304721171e-15
7.576604790419161873e+03 2.615716054183723962e-15
7.579604790419161873e+03 2.616174739062726752e-15
7.582604790419161873e+03 2.616633423941729148e-15
7.585604790419161873e+03 2.617092108820731939e-15
7.588604790419161873e+03 2.617550793699734729e-15
7.591604790419161873e+03 2.618009478578737125e-15
7.594604790419161873e+03 2.618468163457739915e-15
7.597604790419161873e+03 2.618926848336742311e-15
7.600604790419161873e+03 2.619385533215745102e-15
7.603604790419161873e+03 2.619844218094747892e-15
7.606604790419161873e+03 2.620302902973750288e-15
7.609604790419161873e+03 2.620761587852753078e-15
7.612604790419161873e+03 2.621220272731755869e-15
7.615604790419161873e+03 2.621678957610758265e-15
7.618604790419161873e+03 2.622137642489761055e-15
7.621604790419161873e+03 2.622596327368763845e-15
7.624604790419161873e+03 2.623055012247766241e-15
7.627604790419161873e+03 2.623513697126769032e-15
7.630604790419161873e+03 2.623972382005771428e-15
7.633604790419161873e+03 2.624431066884774218e-15
7.636604790419161873e+03 2.624889751763777008e-15
7.639604790419161873e+03 2.625348436642779404e-15
7.642604790419161873e+03 2.625807121521782195e-15
7.645604790419161873e+03 2.626265806400784985e-15
7.648604790419161873e+03 2.626724491279787381e-15
7.651604790419161873e+03 2.627183176158790171e-15
7.654604790419161873e+03 2.627641861037792962e-15
7.657604790419161873e+03 2.628100545916795358e-15
7.660604790419161873e+03 2.628559230795798148e-15
7.663604790419161873e+03 2.629017915674800544e-15
7.666604790419161873e+03 2.629476600553803334e-15
7.669604790419161873e+03 2.629935285432806125e-15
7.672604790419161873e+03 2.630393970311808521e-15
7.675604790419161873e+03 2.630852655190811311e-15
7.678604790419161873e+03 2.631311340069814102e-15
7.681604790419161873e+03 2.631770024948816497e-15
7.684604790419161873e+03 2.632228709827819288e-15
7.687604790419161873e+03 2.632687394706822078e-15
7.690604790419161873e+03 2.633146079585824474e-15
7.693604790419161873e+03 2.633604764464827265e-15
7.696604790419161873e+03 2.634063449343829661e-15
7.699604790419161873e+03 2.634522134222832451e-15
7.702604790419161873e+03 2.634980819101835241e-15
7.705604790419161873e+03 2.635439503980837637e-15
7.708604790419161873e+03 2.635898188859840428e-15
7.711604790419161873e+03 2.636356873738843218e-15
7.714604790419161873e+03 2.636815558617845614e-15
7.717604790419161873e+03 2.637274243496848404e-15
7.720604790419161873e+03 2.637732928375851195e-15
7.723604790419161873e+03 2.638191613254853591e-15
7.726604790419161873e+03 2.638650298133856381e-15
7.729604790419161873e+03 2.639108983012858777e-15
7.732604790419161873e+03 2.639567667891861567e-15
7.735604790419161873e+03 2.640026352770864358e-15
7.738604790419161873e+03 2.640485037649866754e-15
7.741604790419161873e+03 2.640943722528869544e-15
7.744604790419161873e+03 2.641402407407872334e-15
7.747604790419161873e+03 2.641861092286874730e-15
7.750604790419161873e+03 2.642319777165877521e-15
7.753604790419161873e+03 2.642778462044880311e-15
7.756604790419161873e+03 2.643237146923882707e-15
7.759604790419161873e+03 2.643695831802885497e-15
7.762604790419161873e+03 2.644154516681887893e-15
7.765604790419161873e+03 2.644613201560890684e-15
7.768604790419161873e+03 2.645071886439893474e-15
7.771604790419161873e+03 2.632419181706215061e-15
7.774604790419161873e+03 2.614820256573727917e-15
7.777604790419161873e+03 2.602610697460283787e-15
7.780604790419161873e+03 2.595174715135819230e-15
7.783604790419161873e+03 2.595271649871144071e-15
7.786604790419161873e+03 2.574744225066980733e-15
7.789604790419161873e+03 2.547994968638084606e-15
7.792604790419161873e+03 2.546073698658003336e-15
7.795604790419161873e+03 2.544164957861828610e-15
7.798604790419161873e+03 2.542275178456014266e-15
7.801604790419161873e+03 2.518885597237782436e-15
7.804604790419161873e+03 2.488861943168943815e-15
7.807604790419161873e+03 2.473662451673997550e-15
7.810604790419161873e+03 2.457274689888657149e-15
7.813604790419161873e+03 2.439161706963920171e-15
7.816604790419161873e+03 2.426088013785506736e-15
7.819604790419161873e+03 2.415087294813798118e-15
7.822604790419161873e+03 2.407976849490848176e-15
7.825604790419161873e+03 2.404078226688680355e-15
7.828604790419161873e+03 2.404654675073909248e-15
7.831604790419161873e+03 2.404847648152205790e-15
7.834604790419161873e+03 2.403487117241220943e-15
7.837604790419161873e+03 2.387881077433283928e-15
7.840604790419161873e+03 2.382876961790423100e-15
7.843604790419161873e+03 2.392052713615625032e-15
7.846604790419161873e+03 2.399128114896227262e-15
7.849604790419161873e+03 2.403432188773622329e-15
7.852604790419161873e+03 2.388855841991692633e-15
7.855604790419161873e+03 2.390911857999083200e-15
7.858604790419161873e+03 2.414327063302778052e-15
7.861604790419161873e+03 2.409192416664650304e-15
7.864604790419161873e+03 2.395644499856991343e-15
7.867604790419161873e+03 2.381308633433756396e-15
7.870604790419161873e+03 2.375862890270368061e-15
7.873604790419161873e+03 2.381381192137699296e-15
7.876604790419161873e+03 2.374656442982100968e-15
7.879604790419161873e+03 2.365337588497964201e-15
7.882604790419161873e+03 2.361610463450858665e-15
7.885604790419161873e+03 2.352340754514525673e-15
7.888604790419161873e+03 2.336505339372204995e-15
7.891604790419161873e+03 2.332375479045264397e-15
7.894604790419161873e+03 2.330251760684476886e-15
7.897604790419161873e+03 2.321344896871154673e-15
7.900604790419161873e+03 2.320022938281916605e-15
7.903604790419161873e+03 2.327332450786936722e-15
7.906604790419161873e+03 2.351223221631311681e-15
7.909604790419161873e+03 2.375246189536724066e-15
7.912604790419161873e+03 2.375519811955046237e-15
7.915604790419161873e+03 2.371478411952877947e-15
7.918604790419161873e+03 2.362719334234713399e-15
7.921604790419161873e+03 2.356437373819579471e-15
7.924604790419161873e+03 2.350083374784051203e-15
7.927604790419161873e+03 2.340150529348310051e-15
7.930604790419161873e+03 2.330385115431185928e-15
7.933604790419161873e+03 2.320795584555446677e-15
7.936604790419161873e+03 2.316126690857206466e-15
7.939604790419161873e+03 2.311485059577703942e-15
7.942604790419161873e+03 2.301522202941807045e-15
7.945604790419161873e+03 2.294833862615717171e-15
7.948604790419161873e+03 2.291450682468641266e-15
7.951604790419161873e+03 2.291960883075837411e-15
7.954604790419161873e+03 2.292369964351295440e-15
7.957604790419161873e+03 2.288540672884999804e-15
7.960604790419161873e+03 2.289665487135899684e-15
7.963604790419161873e+03 2.295595069710162020e-15
7.966604790419161873e+03 2.291932280455845773e-15
7.969604790419161873e+03 2.287775434870702054e-15
7.972604790419161873e+03 2.289387769545970632e-15
7.975604790419161873e+03 2.290895856843417034e-15
7.978604790419161873e+03 2.292306798448163233e-15
7.981604790419161873e+03 2.273752847749150869e-15
7.984604790419161873e+03 2.255529580643856701e-15
7.987604790419161873e+03 2.253135119222568364e-15
7.990604790419161873e+03 2.262372642491860569e-15
7.993604790419161873e+03 2.282024679166331301e-15
7.996604790419161873e+03 2.287787308421000370e-15
7.999604790419161873e+03 2.290302482229985246e-15
8.002604790419161873e+03 2.288577533433497226e-15
8.005604790419161873e+03 2.292110665782375250e-15
8.008604790419161873e+03 2.300166528819409205e-15
8.011604790419161873e+03 2.279306364233159179e-15
8.014604790419161873e+03 2.258815777308760653e-15
8.017604790419161873e+03 2.255268649474304186e-15
8.020604790419161873e+03 2.251538145434280390e-15
8.023604790419161873e+03 2.247656127639960323e-15
8.026604790419161873e+03 2.248993336921304338e-15
8.029604790419161873e+03 2.253157598401476866e-15
8.032604790419161873e+03 2.264883000684861513e-15
8.035604790419161873e+03 2.267959660121173708e-15
8.038604790419161873e+03 2.264173057035649365e-15
8.041604790419161873e+03 2.272374376177178756e-15
8.044604790419161873e+03 2.277531895518705437e-15
8.047604790419161873e+03 2.267824608034956357e-15
8.050604790419161873e+03 2.259701820383851123e-15
8.053604790419161873e+03 2.252786447611079029e-15
8.056604790419161873e+03 2.249634860099174554e-15
8.059604790419161873e+03 2.248184170139813189e-15
8.062604790419161873e+03 2.250837568514262675e-15
8.065604790419161873e+03 2.262374161227080790e-15
8.068604790419161873e+03 2.280409404175914898e-15
8.071604790419161873e+03 2.270807848122174110e-15
8.074604790419161873e+03 2.258274067529292347e-15
8.077604790419161873e+03 2.244732253400413411e-15
8.080604790419161873e+03 2.238308286742548569e-15
8.083604790419161873e+03 2.236882129180974419e-15
8.086604790419161873e+03 2.203444390852668476e-15
8.089604790419161873e+03 2.171402194263598879e-15
8.092604790419161873e+03 2.150761471088173663e-15
8.095604790419161873e+03 2.141046074940437717e-15
8.098604790419161873e+03 2.138691283304675806e-15
8.101604790419161873e+03 2.127753929467845473e-15
8.104604790419161873e+03 2.114364739646968811e-15
8.107604790419161873e+03 2.096002738459114877e-15
8.110604790419161873e+03 2.090687864781307294e-15
8.113604790419161873e+03 2.093804322134084733e-15
8.116604790419161873e+03 2.103353881918999054e-15
8.119604790419161873e+03 2.109646313769162563e-15
8.122604790419161873e+03 2.106619742181977382e-15
8.125604790419161873e+03 2.080950878382785703e-15
8.128604790419161873e+03 2.041252577060003084e-15
8.131604790419161873e+03 2.034530998876558105e-15
8.134604790419161873e+03 2.039308414015766143e-15
8.137604790419161873e+03 2.068265361299974563e-15
8.140604790419161873e+03 2.076700528162429286e-15
8.143604790419161873e+03 2.072948847690651213e-15
8.146604790419161873e+03 2.084717660646829368e-15
8.149604790419161873e+03 2.096149103622527883e-15
8.152604790419161873e+03 2.105451170693711374e-15
8.155604790419161873e+03 2.094055220898803685e-15
8.158604790419161873e+03 2.070884303262545148e-15
8.161604790419161873e+03 2.081504053225057501e-15
8.164604790419161873e+03 2.096682923190935508e-15
8.167604790419161873e+03 2.119978883718485195e-15
8.170604790419161873e+03 2.122938434050893860e-15
8.173604790419161873e+03 2.114820597534984215e-15
8.176604790419161873e+03 2.113793763988088764e-15
8.179604790419161873e+03 2.120365504892045371e-15
8.182604790419161873e+03 2.142789239825734311e-15
8.185604790419161873e+03 2.149223750488100151e-15
8.188604790419161873e+03 2.147323797081912851e-15
8.191604790419161873e+03 2.157512196612609407e-15
8.194604790419161873e+03 2.163129364788411554e-15
8.197604790419161873e+03 2.159346297401489170e-15
8.200604790419161873e+03 2.151696242791287405e-15
8.203604790419161873e+03 2.142101840560292307e-15
8.206604790419161873e+03 2.128356471750969057e-15
8.209604790419161873e+03 2.126927977341579376e-15
8.212604790419161873e+03 2.149339370686727922e-15
8.215604790419161873e+03 2.173270207352863511e-15
8.218604790419161873e+03 2.197537276205383710e-15
8.221604790419161873e+03 2.194446086764927483e-15
8.224604790419161873e+03 2.189378446198892635e-15
8.227604790419161873e+03 2.180650433149816643e-15
8.230604790419161873e+03 2.176501789869421668e-15
8.233604790419161873e+03 2.173918148306874120e-15
8.236604790419161873e+03 2.150203796742019666e-15
8.239604790419161873e+03 2.128242926550850755e-15
8.242604790419161873e+03 2.109391088832216412e-15
8.245604790419161873e+03 2.098269877841787494e-15
8.248604790419161873e+03 2.091212784751111827e-15
8.251604790419161873e+03 2.104306793616116160e-15
8.254604790419161873e+03 2.110343271364799274e-15
8.257604790419161873e+03 2.104393349766906248e-15
8.260604790419161873e+03 2.092726103837755746e-15
8.263604790419161873e+03 2.078898024678231405e-15
8.266604790419161873e+03 2.069548552134382434e-15
8.269604790419161873e+03 2.070628219292969025e-15
8.272604790419161873e+03 2.088682587610587825e-15
8.275604790419161873e+03 2.090500345149642857e-15
8.278604790419161873e+03 2.085322634206723496e-15
8.281604790419161873e+03 2.069713284432295915e-15
8.284604790419161873e+03 2.066293668924898574e-15
8.287604790419161873e+03 2.081895853398070932e-15
8.290604790419161873e+03 2.091336317281295464e-15
8.293604790419161873e+03 2.096049282409900194e-15
8.296604790419161873e+03 2.065350565903867577e-15
8.299604790419161873e+03 2.053059152601917704e-15
8.302604790419161873e+03 2.068317540274823461e-15
8.305604790419161873e+03 2.072984342026024777e-15
8.308604790419161873e+03 2.071614972492822987e-15
8.311604790419161873e+03 2.041900344309158854e-15
8.314604790419161873e+03 2.015003770458160865e-15
8.317604790419161873e+03 1.992153867820676624e-15
8.320604790419161873e+03 1.938181056392614887e-15
8.323604790419161873e+03 1.874718057738441665e-15
8.326604790419161873e+03 1.822633473921948172e-15
8.329604790419161873e+03 1.773013471318036844e-15
8.332604790419161873e+03 1.726790067189063364e-15
8.335604790419161873e+03 1.655218321054758317e-15
8.338604790419161873e+03 1.574699833414257406e-15
8.341604790419161873e+03 1.486293709028573470e-15
8.344604790419161873e+03 1.397325013093269824e-15
8.347604790419161873e+03 1.307612018477170674e-15
8.350604790419161873e+03 1.229013848438383893e-15
8.353604790419161873e+03 1.154604284647979779e-15
8.356604790419161873e+03 1.087228782613597292e-15
8.359604790419161873e+03 1.017108856838638426e-15
8.362604790419161873e+03 9.435024350427966933e-16
8.365604790419161873e+03 8.798465614852888255e-16
8.368604790419161873e+03 8.213131212657818116e-16
8.371604790419161873e+03 7.804498385302036503e-16
8.374604790419161873e+03 7.314435743069987667e-16
8.377604790419161873e+03 6.725021509866361137e-16
8.380604790419161873e+03 6.280618445073537583e-16
8.383604790419161873e+03 5.923353822239656576e-16
8.386604790419161873e+03 5.905344892875818202e-16
8.389604790419161873e+03 5.844457271411034330e-16
8.392604790419161873e+03 5.733317309926261165e-16
8.395604790419161873e+03 5.648841132386555979e-16
8.398604790419161873e+03 5.604625365658014091e-16
8.401604790419161873e+03 5.777228561292353810e-16
8.404604790419161873e+03 6.015352345824550144e-16
8.407604790419161873e+03 6.327244714179401426e-16
8.410604790419161873e+03 6.557084005674177405e-16
8.413604790419161873e+03 6.743946995148955488e-16
8.416604790419161873e+03 6.791627335726356464e-16
8.419604790419161873e+03 7.059719760763141779e-16
8.422604790419161873e+03 7.566235784086464784e-16
8.425604790419161873e+03 8.004686551810541429e-16
8.428604790419161873e+03 8.445506194807902647e-16
8.431604790419161873e+03 8.983303457725467513e-16
8.434604790419161873e+03 9.659353760864915358e-16
8.437604790419161873e+03 1.047909718314951843e-15
8.440604790419161873e+03 1.116416887410048827e-15
8.443604790419161873e+03 1.187071575830529812e-15
8.446604790419161873e+03 1.283093475891189255e-15
8.449604790419161873e+03 1.381744310569581691e-15
8.452604790419161873e+03 1.483020583942013162e-15
8.455604790419161873e+03 1.582055915645797884e-15
8.458604790419161873e+03 1.683457737179058211e-15
8.461604790419161873e+03 1.798197597695178733e-15
8.464604790419161873e+03 1.918554957893807529e-15
8.467604790419161873e+03 2.044302774111111533e-15
8.470604790419161873e+03 2.139751396134494252e-15
8.473604790419161873e+03 2.226136090536724230e-15
8.476604790419161873e+03 2.296562656539538876e-15
8.479604790419161873e+03 2.349895703974014377e-15
8.482604790419161873e+03 2.387468614723376431e-15
8.485604790419161873e+03 2.403984714021237798e-15
8.488604790419161873e+03 2.404860033125017441e-15
8.491604790419161873e+03 2.355231761487423557e-15
8.494604790419161873e+03 2.293741456253880020e-15
8.497604790419161873e+03 2.221743502690664770e-15
8.500604790419161873e+03 2.153534596712659299e-15
8.503604790419161873e+03 2.087960964122077818e-15
8.506604790419161873e+03 2.030420864487134910e-15
8.509604790419161873e+03 1.970316743134704302e-15
8.512604790419161873e+03 1.908030677192636363e-15
8.515604790419161873e+03 1.830474096560283640e-15
8.518604790419161873e+03 1.751827376121690185e-15
8.521604790419161873e+03 1.677059138626053225e-15
8.524604790419161873e+03 1.615253891484488763e-15
8.527604790419161873e+03 1.564044752540449239e-15
8.530604790419161873e+03 1.532828902568417612e-15
8.533604790419161873e+03 1.499671347174376485e-15
8.536604790419161873e+03 1.450913894233647300e-15
8.539604790419161873e+03 1.403679785295686369e-15
8.542604790419161873e+03 1.357641555675812626e-15
8.545604790419161873e+03 1.346359743190972238e-15
8.548604790419161873e+03 1.341760340706968735e-15
8.551604790419161873e+03 1.345976323508400406e-15
8.554604790419161873e+03 1.359360502756712470e-15
8.557604790419161873e+03 1.379655597879797303e-15
8.560604790419161873e+03 1.425243464215242187e-15
8.563604790419161873e+03 1.477734576340527328e-15
8.566604790419161873e+03 1.543600377614934281e-15
8.569604790419161873e+03 1.610876239364851348e-15
8.572604790419161873e+03 1.679172454509316468e-15
8.575604790419161873e+03 1.740849290864005830e-15
8.578604790419161873e+03 1.809499102145656779e-15
8.581604790419161873e+03 1.900451760143826723e-15
8.584604790419161873e+03 1.975585262597751193e-15
8.587604790419161873e+03 2.039732744966823679e-15
8.590604790419161873e+03 2.092651960859093425e-15
8.593604790419161873e+03 2.146282768370430833e-15
8.596604790419161873e+03 2.204381399445222013e-15
8.599604790419161873e+03 2.264269163208411848e-15
8.602604790419161873e+03 2.325349020924736662e-15
8.605604790419161873e+03 2.406017944125545686e-15
8.608604790419161873e+03 2.477987432184032739e-15
8.611604790419161873e+03 2.523331408111028451e-15
8.614604790419161873e+03 2.567487691004826820e-15
8.617604790419161873e+03 2.610884990128228379e-15
8.620604790419161873e+03 2.648457758919089433e-15
8.623604790419161873e+03 2.683393444316461271e-15
8.626604790419161873e+03 2.712489988047265574e-15
8.629604790419161873e+03 2.752046535677333381e-15
8.632604790419161873e+03 2.798011519172718812e-15
8.635604790419161873e+03 2.840086316731628415e-15
8.638604790419161873e+03 2.876164922392888940e-15
8.641604790419161873e+03 2.898227177399510832e-15
8.644604790419161873e+03 2.897463846101936969e-15
8.647604790419161873e+03 2.883299220205502876e-15
8.650604790419161873e+03 2.888617404093176841e-15
8.653604790419161873e+03 2.890761041702992794e-15
8.656604790419161873e+03 2.884076402405726758e-15
8.659604790419161873e+03 2.867476595213114349e-15
8.662604790419161873e+03 2.845300794432794575e-15
8.665604790419161873e+03 2.829762045433953253e-15
8.668604790419161873e+03 2.815981303454673372e-15
8.671604790419161873e+03 2.805705782745181084e-15
8.674604790419161873e+03 2.793856422268070019e-15
8.677604790419161873e+03 2.781159733523028805e-15
8.680604790419161873e+03 2.780130878943252497e-15
8.683604790419161873e+03 2.771769624493712366e-15
8.686604790419161873e+03 2.747735365586372540e-15
8.689604790419161873e+03 2.723501132069224333e-15
8.692604790419161873e+03 2.699163887437547808e-15
8.695604790419161873e+03 2.695691795115519509e-15
8.698604790419161873e+03 2.688688632001954011e-15
8.701604790419161873e+03 2.674484040574273075e-15
8.704604790419161873e+03 2.657127712361744500e-15
8.707604790419161873e+03 2.638230055733520998e-15
8.710604790419161873e+03 2.620984592740249368e-15
8.713604790419161873e+03 2.597050238034182509e-15
8.716604790419161873e+03 2.560321433482134487e-15
8.719604790419161873e+03 2.539335571668951178e-15
8.722604790419161873e+03 2.525562640381164061e-15
8.725604790419161873e+03 2.500177403789356868e-15
8.728604790419161873e+03 2.469614370170933844e-15
8.731604790419161873e+03 2.429573335215663868e-15
8.734604790419161873e+03 2.400274727844789594e-15
8.737604790419161873e+03 2.375823215878104179e-15
8.740604790419161873e+03 2.352093563906088234e-15
8.743604790419161873e+03 2.320870403779564840e-15
8.746604790419161873e+03 2.276513017821808940e-15
8.749604790419161873e+03 2.241843665616199260e-15
8.752604790419161873e+03 2.211678534547740862e-15
8.755604790419161873e+03 2.190751408587815221e-15
8.758604790419161873e+03 2.161923505916934834e-15
8.761604790419161873e+03 2.119829058394494652e-15
8.764604790419161873e+03 2.082966439406411212e-15
8.767604790419161873e+03 2.048520552674445056e-15
8.770604790419161873e+03 2.019783951219407712e-15
8.773604790419161873e+03 2.003472579284154997e-15
8.776604790419161873e+03 2.007158061107312628e-15
8.779604790419161873e+03 1.996993007826790348e-15
8.782604790419161873e+03 1.981478395026399524e-15
8.785604790419161873e+03 1.966624475530563369e-15
8.788604790419161873e+03 1.951158407170847617e-15
8.791604790419161873e+03 1.934747703000881859e-15
8.794604790419161873e+03 1.917736674527324490e-15
8.797604790419161873e+03 1.902207965447051194e-15
8.800604790419161873e+03 1.910593385505225505e-15
8.803604790419161873e+03 1.906983531901488699e-15
8.806604790419161873e+03 1.885618297976419105e-15
8.809604790419161873e+03 1.845388097888978382e-15
8.812604790419161873e+03 1.802860900322954634e-15
8.815604790419161873e+03 1.812670686770979128e-15
8.818604790419161873e+03 1.821293155009397190e-15
8.821604790419161873e+03 1.828229287239970796e-15
8.824604790419161873e+03 1.802305519167205372e-15
8.827604790419161873e+03 1.767723377934613096e-15
8.830604790419161873e+03 1.757481843329999190e-15
8.833604790419161873e+03 1.764145075429362377e-15
8.836604790419161873e+03 1.793853013082699997e-15
8.839604790419161873e+03 1.782502040812388387e-15
8.842604790419161873e+03 1.759796867097943522e-15
8.845604790419161873e+03 1.752310810071502473e-15
8.848604790419161873e+03 1.754304237309984466e-15
8.851604790419161873e+03 1.768703994185516889e-15
8.854604790419161873e+03 1.775380640507297073e-15
8.857604790419161873e+03 1.778692609836584348e-15
8.860604790419161873e+03 1.773148447232178679e-15
8.863604790419161873e+03 1.768559954339296152e-15
8.866604790419161873e+03 1.765172505813597797e-15
8.869604790419161873e+03 1.773766743845074721e-15
8.872604790419161873e+03 1.783312123338903276e-15
8.875604790419161873e+03 1.774396292660634244e-15
8.878604790419161873e+03 1.755211529443697753e-15
8.881604790419161873e+03 1.723631667039121487e-15
8.884604790419161873e+03 1.714810548247556791e-15
8.887604790419161873e+03 1.713556800154127018e-15
8.890604790419161873e+03 1.722728259467913328e-15
8.893604790419161873e+03 1.710867251785769707e-15
8.896604790419161873e+03 1.674619461250601982e-15
8.899604790419161873e+03 1.657613288023824279e-15
8.902604790419161873e+03 1.653780208455755855e-15
8.905604790419161873e+03 1.702846551130187491e-15
8.908604790419161873e+03 1.736555026450779959e-15
8.911604790419161873e+03 1.753156003959518896e-15
8.914604790419161873e+03 1.753378471744157247e-15
8.917604790419161873e+03 1.748636358902631388e-15
8.920604790419161873e+03 1.737388482264345449e-15
8.923604790419161873e+03 1.735484708709351665e-15
8.926604790419161873e+03 1.743581442173238194e-15
8.929604790419161873e+03 1.758397696133816523e-15
8.932604790419161873e+03 1.770740747897900769e-15
8.935604790419161873e+03 1.761763709499790181e-15
8.938604790419161873e+03 1.759285400867871712e-15
8.941604790419161873e+03 1.763489996529935562e-15
8.944604790419161873e+03 1.772878836798748941e-15
8.947604790419161873e+03 1.782293759639026844e-15
8.950604790419161873e+03 1.786505198948111954e-15
8.953604790419161873e+03 1.776360752864225165e-15
8.956604790419161873e+03 1.752031324784899869e-15
8.959604790419161873e+03 1.727085654114661623e-15
8.962604790419161873e+03 1.701518629416291383e-15
8.965604790419161873e+03 1.673598600241539422e-15
8.968604790419161873e+03 1.663882266699492467e-15
8.971604790419161873e+03 1.671448819283432861e-15
8.974604790419161873e+03 1.728783929718453711e-15
8.977604790419161873e+03 1.779206404084245523e-15
8.980604790419161873e+03 1.760963802940016188e-15
8.983604790419161873e+03 1.742365790151652118e-15
8.986604790419161873e+03 1.723443565977989721e-15
8.989604790419161873e+03 1.721750187677459968e-15
8.992604790419161873e+03 1.718761864000731754e-15
8.995604790419161873e+03 1.698949029819833738e-15
8.998604790419161873e+03 1.705132932959511108e-15
9.001604790419161873e+03 1.734100493526183226e-15
9.004604790419161873e+03 1.732415036397573750e-15
9.007604790419161873e+03 1.724633274316754538e-15
9.010604790419161873e+03 1.711080759782888370e-15
9.013604790419161873e+03 1.697629468592859138e-15
9.016604790419161873e+03 1.684263398526869172e-15
9.019604790419161873e+03 1.679660347809758757e-15
9.022604790419161873e+03 1.677014011251789804e-15
9.025604790419161873e+03 1.677111277179392253e-15
9.028604790419161873e+03 1.683200306111250570e-15
9.031604790419161873e+03 1.694134659638610324e-15
9.034604790419161873e+03 1.723691586388634929e-15
9.037604790419161873e+03 1.746486821660767650e-15
9.040604790419161873e+03 1.738244174860137188e-15
9.043604790419161873e+03 1.720187700050747494e-15
9.046604790419161873e+03 1.694509848170725854e-15
9.049604790419161873e+03 1.726298486630885458e-15
9.052604790419161873e+03 1.761214099640152744e-15
9.055604790419161873e+03 1.785486458049635676e-15
9.058604790419161873e+03 1.798298200966752178e-15
9.061604790419161873e+03 1.802564397837299021e-15
9.064604790419161873e+03 1.813951509957212920e-15
9.067604790419161873e+03 1.816645020849014069e-15
9.070604790419161873e+03 1.790547941178243291e-15
9.073604790419161873e+03 1.784923453632521839e-15
9.076604790419161873e+03 1.793952294011908598e-15
9.079604790419161873e+03 1.811854707607683051e-15
9.082604790419161873e+03 1.826782030402396079e-15
9.085604790419161873e+03 1.830813905921195823e-15
9.088604790419161873e+03 1.821706601951729438e-15
9.091604790419161873e+03 1.803574407020636674e-15
9.094604790419161873e+03 1.756962427041044880e-15
9.097604790419161873e+03 1.717259146961207980e-15
9.100604790419161873e+03 1.702565446347248411e-15
9.103604790419161873e+03 1.705650429885110829e-15
9.106604790419161873e+03 1.720450506622361762e-15
9.109604790419161873e+03 1.667397058468459264e-15
9.112604790419161873e+03 1.611260448759513262e-15
9.115604790419161873e+03 1.558505381687751932e-15
9.118604790419161873e+03 1.537394477207269399e-15
9.121604790419161873e+03 1.536280209673725700e-15
9.124604790419161873e+03 1.506781158026580225e-15
9.127604790419161873e+03 1.474729283874952939e-15
9.130604790419161873e+03 1.440079529290947767e-15
9.133604790419161873e+03 1.440897154265048196e-15
9.136604790419161873e+03 1.463199826471460889e-15
9.139604790419161873e+03 1.497973810383386269e-15
9.142604790419161873e+03 1.520978297480746101e-15
9.145604790419161873e+03 1.514746172573824276e-15
9.148604790419161873e+03 1.507249077912883838e-15
9.151604790419161873e+03 1.499017742132892003e-15
9.154604790419161873e+03 1.537940073891051373e-15
9.157604790419161873e+03 1.564404014216416778e-15
9.160604790419161873e+03 1.559244389652119311e-15
9.163604790419161873e+03 1.572820824286798779e-15
9.166604790419161873e+03 1.596812645867483047e-15
9.169604790419161873e+03 1.607615522740987242e-15
9.172604790419161873e+03 1.612075423517625828e-15
9.175604790419161873e+03 1.603408911783595727e-15
9.178604790419161873e+03 1.617479808526084634e-15
9.181604790419161873e+03 1.643649509778996362e-15
9.184604790419161873e+03 1.669571950161476745e-15
9.187604790419161873e+03 1.689972350776243171e-15
9.190604790419161873e+03 1.698962279572446545e-15
9.193604790419161873e+03 1.710863808321420214e-15
9.196604790419161873e+03 1.724247446684907527e-15
9.199604790419161873e+03 1.786401320322166215e-15
9.202604790419161873e+03 1.836173274225724165e-15
9.205604790419161873e+03 1.861411443672968466e-15
9.208604790419161873e+03 1.880683279288860259e-15
9.211604790419161873e+03 1.897043602119854141e-15
9.214604790419161873e+03 1.912551470819679352e-15
9.217604790419161873e+03 1.914344615780034951e-15
9.220604790419161873e+03 1.890211657979048110e-15
9.223604790419161873e+03 1.863636350842043849e-15
9.226604790419161873e+03 1.836782567047284334e-15
9.229604790419161873e+03 1.853488103024223725e-15
9.232604790419161873e+03 1.876234932546838241e-15
9.235604790419161873e+03 1.909912551139005734e-15
9.238604790419161873e+03 1.887839184853037259e-15
9.241604790419161873e+03 1.841630345022558115e-15
9.244604790419161873e+03 1.815550349213427604e-15
9.247604790419161873e+03 1.808372785477666450e-15
9.250604790419161873e+03 1.833947981316275676e-15
9.253604790419161873e+03 1.813723648475277365e-15
9.256604790419161873e+03 1.773876709208786656e-15
9.259604790419161873e+03 1.728256850921588901e-15
9.262604790419161873e+03 1.705744418486740528e-15
9.265604790419161873e+03 1.721594402776623969e-15
9.268604790419161873e+03 1.730230209918398331e-15
9.271604790419161873e+03 1.734258215608184767e-15
9.274604790419161873e+03 1.705498757549271692e-15
9.277604790419161873e+03 1.684887252498449053e-15
9.280604790419161873e+03 1.677242231286372806e-15
9.283604790419161873e+03 1.658235321190881537e-15
9.286604790419161873e+03 1.636194155082852197e-15
9.289604790419161873e+03 1.635259055641176523e-15
9.292604790419161873e+03 1.623845008230735130e-15
9.295604790419161873e+03 1.596439557869635020e-15
9.298604790419161873e+03 1.562773231466169543e-15
9.301604790419161873e+03 1.532077850111477910e-15
9.304604790419161873e+03 1.572098320186917193e-15
9.307604790419161873e+03 1.617972101746902258e-15
9.310604790419161873e+03 1.672414747496556451e-15
9.313604790419161873e+03 1.664284571254145329e-15
9.316604790419161873e+03 1.635377804774782343e-15
9.319604790419161873e+03 1.617194708143983342e-15
9.322604790419161873e+03 1.627642749928920137e-15
9.325604790419161873e+03 1.678311814960258883e-15
9.328604790419161873e+03 1.674837767740422541e-15
9.331604790419161873e+03 1.650448308542654948e-15
9.334604790419161873e+03 1.594315750669961636e-15
9.337604790419161873e+03 1.565410413919453490e-15
9.340604790419161873e+03 1.573219283150854900e-15
9.343604790419161873e+03 1.556653899195498793e-15
9.346604790419161873e+03 1.532165928925605713e-15
9.349604790419161873e+03 1.504683166931980556e-15
9.352604790419161873e+03 1.516699597894002147e-15
9.355604790419161873e+03 1.579853915308451624e-15
9.358604790419161873e+03 1.652731303397359749e-15
9.361604790419161873e+03 1.730809616705884182e-15
9.364604790419161873e+03 1.827966760230511263e-15
9.367604790419161873e+03 1.876286012906197391e-15
9.370604790419161873e+03 1.863885917705476913e-15
9.373604790419161873e+03 1.821093780317883221e-15
