3.693323431376686585e+03 1.868410166824544449e-15
3.696323431376686585e+03 1.708716876316522132e-15
3.699323431376686585e+03 1.694202724604471158e-15
3.702323431376686585e+03 1.809205745480328377e-15
3.705323431376686585e+03 2.054485263063572926e-15
3.708323431376686585e+03 2.198804212716397744e-15
3.711323431376686585e+03 2.312909335939303059e-15
3.714323431376686585e+03 2.427882000303810801e-15
3.717323431376686585e+03 2.552759144423777189e-15
3.720323431376686585e+03 2.720841093420872491e-15
3.723323431376686585e+03 2.928006930306641066e-15
3.726323431376686585e+03 3.148371495246692234e-15
3.729323431376686585e+03 3.398088310873976503e-15
3.732323431376686585e+03 3.641129100442229337e-15
3.735323431376686585e+03 3.840963382952267151e-15
3.738323431376686585e+03 3.968899993207955986e-15
3.741323431376686585e+03 4.127920624774477404e-15
3.744323431376686585e+03 4.320887211034671145e-15
3.747323431376686585e+03 4.380325965768457670e-15
3.750323431376686585e+03 4.404560283524399265e-15
3.753323431376686585e+03 4.423552940702031900e-15
3.756323431376686585e+03 4.483096027792609948e-15
3.759323431376686585e+03 4.571489788626582610e-15
3.762323431376686585e+03 4.568619480578819361e-15
3.765323431376686585e+03 4.434519318988484926e-15
3.768323431376686585e+03 4.374887511196330473e-15
3.771323431376686585e+03 4.332309165567462100e-15
3.774323431376686585e+03 4.307866221916022657e-15
3.777323431376686585e+03 4.312482089022491524e-15
3.780323431376686585e+03 4.230275487319261126e-15
3.783323431376686585e+03 4.150700394009242873e-15
3.786323431376686585e+03 4.117909690126840106e-15
3.789323431376686585e+03 4.062021648975325086e-15
3.792323431376686585e+03 4.040030696398562989e-15
3.795323431376686585e+03 4.050950304729485425e-15
3.798323431376686585e+03 4.086609556429582842e-15
3.801323431376686585e+03 4.222081590545370188e-15
3.804323431376686585e+03 4.373122723677774316e-15
3.807323431376686585e+03 4.474730609691125387e-15
3.810323431376686585e+03 4.528613577230185694e-15
3.813323431376686585e+03 4.573898300776612994e-15
3.816323431376686585e+03 4.609698650636922537e-15
3.819323431376686585e+03 4.576728494344780805e-15
3.822323431376686585e+03 4.510159034729406591e-15
3.825323431376686585e+03 4.432491886085856804e-15
3.828323431376686585e+03 4.370825624124200378e-15
3.831323431376686585e+03 4.126596386812427160e-15
3.834323431376686585e+03 3.825411283552733436e-15
3.837323431376686585e+03 3.492281765138785579e-15
3.840323431376686585e+03 3.118885206664213858e-15
3.843323431376686585e+03 2.829722545922447492e-15
3.846323431376686585e+03 2.591554090871531289e-15
3.849323431376686585e+03 2.345154526984246121e-15
3.852323431376686585e+03 2.095109158330509204e-15
3.855323431376686585e+03 1.880614148512749932e-15
3.858323431376686585e+03 1.725616681921160521e-15
3.861323431376686585e+03 1.670424984708470264e-15
3.864323431376686585e+03 1.627999811407934945e-15
3.867323431376686585e+03 1.589504722484033880e-15
3.870323431376686585e+03 1.529752614147254359e-15
3.873323431376686585e+03 1.524975847654609579e-15
3.876323431376686585e+03 1.538686820457877098e-15
3.879323431376686585e+03 1.549864498188889630e-15
3.882323431376686585e+03 1.595371374336679481e-15
3.885323431376686585e+03 1.685779131813384451e-15
3.888323431376686585e+03 1.809966023323858355e-15
3.891323431376686585e+03 1.861070638047497049e-15
3.894323431376686585e+03 1.899802040409655719e-15
3.897323431376686585e+03 1.943808258601752963e-15
3.900323431376686585e+03 2.017778219205061067e-15
3.903323431376686585e+03 2.107932062448433683e-15
3.906323431376686585e+03 2.203072563328182125e-15
3.909323431376686585e+03 2.304468543953108233e-15
3.912323431376686585e+03 2.494740734626734145e-15
3.915323431376686585e+03 2.744675196926558014e-15
3.918323431376686585e+03 3.036847402008011620e-15
3.921323431376686585e+03 3.352958726305402480e-15
3.924323431376686585e+03 3.695571040902153979e-15
3.927323431376686585e+03 4.080669930781659508e-15
3.930323431376686585e+03 4.521494997068936742e-15
3.933323431376686585e+03 4.968687876339543672e-15
3.936323431376686585e+03 5.424839902858325501e-15
3.939323431376686585e+03 5.879005245738508822e-15
3.942323431376686585e+03 6.287591256920798058e-15
3.945323431376686585e+03 6.593716591032400418e-15
3.948323431376686585e+03 6.815213592361146582e-15
3.951323431376686585e+03 6.938135891635549573e-15
3.954323431376686585e+03 6.932805571837507065e-15
3.957323431376686585e+03 6.917299645201976666e-15
3.960323431376686585e+03 6.902696357855342585e-15
3.963323431376686585e+03 6.895575898782049123e-15
3.966323431376686585e+03 6.856988836397483298e-15
3.969323431376686585e+03 6.808096150414276844e-15
3.972323431376686585e+03 6.768431609961860078e-15
3.975323431376686585e+03 6.769340257592817393e-15
3.978323431376686585e+03 6.793577100446545731e-15
3.981323431376686585e+03 6.833901399411022070e-15
3.984323431376686585e+03 6.791711536099936955e-15
3.987323431376686585e+03 6.697130610398347060e-15
3.990323431376686585e+03 6.607544943199966909e-15
3.993323431376686585e+03 6.636337109604702395e-15
3.996323431376686585e+03 6.574273698555392510e-15
3.999323431376686585e+03 6.437712357685288645e-15
4.002323431376686585e+03 6.221762632407347765e-15
4.005323431376686585e+03 6.015387717408511195e-15
4.008323431376686585e+03 5.911958504267508925e-15
4.011323431376686585e+03 5.885924223515078238e-15
4.014323431376686585e+03 5.877780478986747357e-15
4.017323431376686585e+03 5.762674899245146223e-15
4.020323431376686585e+03 5.647948218099109612e-15
4.023323431376686585e+03 5.596580375664406115e-15
4.026323431376686585e+03 5.566888853142109733e-15
4.029323431376686585e+03 5.469053284563355425e-15
4.032323431376686585e+03 5.319767101359680450e-15
4.035323431376686585e+03 5.253010217469796190e-15
4.038323431376686585e+03 5.129342768211975106e-15
4.041323431376686585e+03 4.967354006182792615e-15
4.044323431376686585e+03 4.770480867374302514e-15
4.047323431376686585e+03 4.663162697421136525e-15
4.050323431376686585e+03 4.615765114623055983e-15
4.053323431376686585e+03 4.628881827874305484e-15
4.056323431376686585e+03 4.745922639515443701e-15
4.059323431376686585e+03 4.888459518310207726e-15
4.062323431376686585e+03 5.063637893498121607e-15
4.065323431376686585e+03 5.299032351407947125e-15
4.068323431376686585e+03 5.551518843380248609e-15
4.071323431376686585e+03 5.784915319660894129e-15
4.074323431376686585e+03 5.985894119006656067e-15
4.077323431376686585e+03 6.059001962006353808e-15
4.080323431376686585e+03 6.117123113446073905e-15
4.083323431376686585e+03 6.173497703817848005e-15
4.086323431376686585e+03 6.267415113411003473e-15
4.089323431376686585e+03 6.349411162559048756e-15
4.092323431376686585e+03 6.398311050452314935e-15
4.095323431376686585e+03 6.395007436490134805e-15
4.098323431376686131e+03 6.309824180055346169e-15
4.101323431376686131e+03 6.190146729975068459e-15
4.104323431376686131e+03 6.039171930010799825e-15
4.107323431376686131e+03 5.850974216276787670e-15
4.110323431376686131e+03 5.639766944749641081e-15
4.113323431376686131e+03 5.442878245413999848e-15
4.116323431376686131e+03 5.298862290746990402e-15
4.119323431376686131e+03 5.135828740765201295e-15
4.122323431376686131e+03 4.982249359081009555e-15
4.125323431376686131e+03 4.847771174577397026e-15
4.128323431376686131e+03 4.797588632937690573e-15
4.131323431376686131e+03 4.834146520683153254e-15
4.134323431376686131e+03 4.944236844285277650e-15
4.137323431376686131e+03 5.141664082689245036e-15
4.140323431376686131e+03 5.324406266384209454e-15
4.143323431376686131e+03 5.527562646235593377e-15
4.146323431376686131e+03 5.759394663543929063e-15
4.149323431376686131e+03 5.873560344189145525e-15
4.152323431376686131e+03 5.963543836662281357e-15
4.155323431376686131e+03 6.019051259415738480e-15
4.158323431376686131e+03 5.997371864508252833e-15
4.161323431376686131e+03 5.919895108632542660e-15
4.164323431376686131e+03 5.809283869428682177e-15
4.167323431376686131e+03 5.668784162878626637e-15
4.170323431376686131e+03 5.462194698237496652e-15
4.173323431376686131e+03 5.217786109121178027e-15
4.176323431376686131e+03 4.961290021521662000e-15
4.179323431376686131e+03 4.805733547945095682e-15
4.182323431376686131e+03 4.676245946460637644e-15
4.185323431376686131e+03 4.561211179916152371e-15
4.188323431376686131e+03 4.456439473014478506e-15
4.191323431376686131e+03 4.456308822938283865e-15
4.194323431376686131e+03 4.535197636299240152e-15
4.197323431376686131e+03 4.686075029551933238e-15
4.200323431376686131e+03 4.865724410253646099e-15
4.203323431376686131e+03 4.980042482634181599e-15
4.206323431376686131e+03 5.056042107267158266e-15
4.209323431376686131e+03 5.113022638774140842e-15
4.212323431376686131e+03 5.203013284661359678e-15
4.215323431376686131e+03 5.239620717632385848e-15
4.218323431376686131e+03 5.197056958790831480e-15
4.221323431376686131e+03 5.013980660733398615e-15
4.224323431376686131e+03 4.783957703409946082e-15
4.227323431376686131e+03 4.527325577005434457e-15
4.230323431376686131e+03 4.279203401024865976e-15
4.233323431376686131e+03 4.005208313194047085e-15
4.236323431376686131e+03 3.728963722784366482e-15
4.239323431376686131e+03 3.459596852262005620e-15
4.242323431376686131e+03 3.314228937906916553e-15
4.245323431376686131e+03 3.179417544154614005e-15
4.248323431376686131e+03 3.052323319650281849e-15
4.251323431376686131e+03 2.936275711651631807e-15
4.254323431376686131e+03 2.928684153224603190e-15
4.257323431376686131e+03 2.960804724317854865e-15
4.260323431376686131e+03 2.996997878097121532e-15
4.263323431376686131e+03 3.022766367578683622e-15
4.266323431376686131e+03 3.075110889762508519e-15
4.269323431376686131e+03 3.152642451317250432e-15
4.272323431376686131e+03 3.217913636662402476e-15
4.275323431376686131e+03 3.225877253624602840e-15
4.278323431376686131e+03 3.234238895587544464e-15
4.281323431376686131e+03 3.312252140959204118e-15
4.284323431376686131e+03 3.443140554590739035e-15
4.287323431376686131e+03 3.591256577358528967e-15
4.290323431376686131e+03 3.752500770027375047e-15
4.293323431376686131e+03 3.966292750759181891e-15
4.296323431376686131e+03 4.208790188501898973e-15
4.299323431376686131e+03 4.470514518600873259e-15
4.302323431376686131e+03 4.741020493698025095e-15
4.305323431376686131e+03 4.967757526899860003e-15
4.308323431376686131e+03 5.159087663001542783e-15
4.311323431376686131e+03 5.312516252383292049e-15
4.314323431376686131e+03 5.390421013647881710e-15
4.317323431376686131e+03 5.402786516931754118e-15
4.320323431376686131e+03 5.365044548205357291e-15
4.323323431376686131e+03 5.313937538070741430e-15
4.326323431376686131e+03 5.234802901193902379e-15
4.329323431376686131e+03 5.109924158385403728e-15
4.332323431376686131e+03 4.914993164539218497e-15
4.335323431376686131e+03 4.785980836708613918e-15
4.338323431376686131e+03 4.668786162974894445e-15
4.341323431376686131e+03 4.567565935474945667e-15
4.344323431376686131e+03 4.543273556590791181e-15
4.347323431376686131e+03 4.548151525717072275e-15
4.350323431376686131e+03 4.596468318095183946e-15
4.353323431376686131e+03 4.721119240117211936e-15
4.356323431376686131e+03 4.798087458501881647e-15
4.359323431376686131e+03 4.875196197231189643e-15
4.362323431376686131e+03 4.956694196705711061e-15
4.365323431376686131e+03 4.979027356175960132e-15
4.368323431376686131e+03 5.034234356011246873e-15
4.371323431376686131e+03 5.125996704354166550e-15
4.374323431376686131e+03 5.278298665888433338e-15
4.377323431376686131e+03 5.350152255068167011e-15
4.380323431376686131e+03 5.363737075271974389e-15
4.383323431376686131e+03 5.318755702926078029e-15
4.386323431376686131e+03 5.246040817961044032e-15
4.389323431376686131e+03 5.191090970729394531e-15
4.392323431376686131e+03 5.155550138025578876e-15
4.395323431376686131e+03 5.152369400359346507e-15
4.398323431376686131e+03 5.132542923202683611e-15
4.401323431376686131e+03 5.101179787556631764e-15
4.404323431376686131e+03 5.058092163243652196e-15
4.407323431376686131e+03 5.030413699330056478e-15
4.410323431376686131e+03 4.997703214397980158e-15
4.413323431376686131e+03 4.967807394701948070e-15
4.416323431376686131e+03 4.995353985969232649e-15
4.419323431376686131e+03 4.985287011915926935e-15
4.422323431376686131e+03 4.959893617679543912e-15
4.425323431376686131e+03 4.934356888357790925e-15
4.428323431376686131e+03 4.812776617154380610e-15
4.431323431376686131e+03 4.705177061872573764e-15
4.434323431376686131e+03 4.627341614543364388e-15
4.437323431376686131e+03 4.569686605213679669e-15
4.440323431376686131e+03 4.515423662268090718e-15
4.443323431376686131e+03 4.464982947062213842e-15
4.446323431376686131e+03 4.420840016888612942e-15
4.449323431376686131e+03 4.376623809287465148e-15
4.452323431376686131e+03 4.296311934768916844e-15
4.455323431376686131e+03 4.166842627890166266e-15
4.458323431376686131e+03 4.042952310007597057e-15
4.461323431376686131e+03 3.935629526409384911e-15
4.464323431376686131e+03 3.840178694455650725e-15
4.467323431376686131e+03 3.748428153062077584e-15
4.470323431376686131e+03 3.665524315602228705e-15
4.473323431376686131e+03 3.607227735731590844e-15
4.476323431376686131e+03 3.586918625524884151e-15
4.479323431376686131e+03 3.565872597024123233e-15
4.482323431376686131e+03 3.493920136234483460e-15
4.485323431376686131e+03 3.384982320526445545e-15
4.488323431376686131e+03 3.310607869568000005e-15
4.491323431376686131e+03 3.287952349780065661e-15
4.494323431376686131e+03 3.270812301659844571e-15
4.497323431376686131e+03 3.222336689723511373e-15
4.500323431376686131e+03 3.300437981539457730e-15
4.503323431376686131e+03 3.378934881170164882e-15
4.506323431376686131e+03 3.443222181129852707e-15
4.509323431376686131e+03 3.504665923780651541e-15
4.512323431376686131e+03 3.530359462717921778e-15
4.515323431376686131e+03 3.565978287184241391e-15
4.518323431376686131e+03 3.681462383174265088e-15
4.521323431376686131e+03 3.842894442312521685e-15
4.524323431376686131e+03 4.006074108867585519e-15
4.527323431376686131e+03 4.160545064058282535e-15
4.530323431376686131e+03 4.309273992620155724e-15
4.533323431376686131e+03 4.522594125796379578e-15
4.536323431376686131e+03 4.772804668327549127e-15
4.539323431376686131e+03 5.007737695294554369e-15
4.542323431376686131e+03 5.327441983260726658e-15
4.545323431376686131e+03 5.627352097250477220e-15
4.548323431376686131e+03 5.858418003588385290e-15
4.551323431376686131e+03 6.036333306461096821e-15
4.554323431376686131e+03 6.202889387765602184e-15
4.557323431376686131e+03 6.338517236510259219e-15
4.560323431376686131e+03 6.338902006697882042e-15
4.563323431376686131e+03 6.263029306036734073e-15
4.566323431376686131e+03 6.164607193475980992e-15
4.569323431376686131e+03 6.076233938210241659e-15
4.572323431376686131e+03 6.082345305824396700e-15
4.575323431376686131e+03 6.102699475220077639e-15
4.578323431376686131e+03 6.127059377713169469e-15
4.581323431376686131e+03 6.138954853384626653e-15
4.584323431376686131e+03 6.175124654544751524e-15
4.587323431376686131e+03 6.223001078540691882e-15
4.590323431376686131e+03 6.271726577795534193e-15
4.593323431376686131e+03 6.291763866009509638e-15
4.596323431376686131e+03 6.312631636081125083e-15
4.599323431376686131e+03 6.340975379741764792e-15
4.602323431376686131e+03 6.385469794474688097e-15
4.605323431376686131e+03 6.362357662267088359e-15
4.608323431376686131e+03 6.302229555170019973e-15
4.611323431376686131e+03 6.254890697695354729e-15
4.614323431376686131e+03 6.298121542351963932e-15
4.617323431376686131e+03 6.349377780205028349e-15
4.620323431376686131e+03 6.378693663307079698e-15
4.623323431376686131e+03 6.394677538973675059e-15
4.626323431376686131e+03 6.403624823795873673e-15
4.629323431376686131e+03 6.409623740458521780e-15
4.632323431376686131e+03 6.427064149536368299e-15
4.635323431376686131e+03 6.462526440321895054e-15
4.638323431376686131e+03 6.490864905127356692e-15
4.641323431376686131e+03 6.493243628264492513e-15
4.644323431376686131e+03 6.387178868804594097e-15
4.647323431376686131e+03 6.322696234734643617e-15
4.650323431376686131e+03 6.300885855307145827e-15
4.653323431376686131e+03 6.238728311293944697e-15
4.656323431376686131e+03 6.192205576114563924e-15
4.659323431376686131e+03 6.148606556245508980e-15
4.662323431376686131e+03 6.094788581314934139e-15
4.665323431376686131e+03 6.077207653574167467e-15
4.668323431376686131e+03 6.044289671540491825e-15
4.671323431376686131e+03 5.984467121017740733e-15
4.674323431376686131e+03 5.874718692567608510e-15
4.677323431376686131e+03 5.819944286094544190e-15
4.680323431376686131e+03 5.796153671807483321e-15
4.683323431376686131e+03 5.771458572880253805e-15
4.686323431376686131e+03 5.758075719621674793e-15
4.689323431376686131e+03 5.764625957815125767e-15
4.692323431376686131e+03 5.796759117603069123e-15
4.695323431376686131e+03 5.791406945415452538e-15
4.698323431376686131e+03 5.768999140432498339e-15
4.701323431376686131e+03 5.737887013890260046e-15
4.704323431376686131e+03 5.722973721097733187e-15
4.707323431376686131e+03 5.689406200835224018e-15
4.710323431376686131e+03 5.663240639787115612e-15
4.713323431376686131e+03 5.661830144413690882e-15
4.716323431376686131e+03 5.651742896614814919e-15
4.719323431376686131e+03 5.592766540804345645e-15
4.722323431376686131e+03 5.496557081059461548e-15
4.725323431376686131e+03 5.446872301919224110e-15
4.728323431376686131e+03 5.336222838461673158e-15
4.731323431376686131e+03 5.192531109558498006e-15
4.734323431376686131e+03 5.030739034432896921e-15
4.737323431376686131e+03 4.843636794142675177e-15
4.740323431376686131e+03 4.652674077149007763e-15
4.743323431376686131e+03 4.461325995682981760e-15
4.746323431376686131e+03 4.272756474020584495e-15
4.749323431376686131e+03 4.113276209014796690e-15
4.752323431376686131e+03 3.972098908534874076e-15
4.755323431376686131e+03 3.839296664758568031e-15
4.758323431376686131e+03 3.737100426292293639e-15
4.761323431376686131e+03 3.659887248179389592e-15
4.764323431376686131e+03 3.608532117018123823e-15
4.767323431376686131e+03 3.522157522110108729e-15
4.770323431376686131e+03 3.421996719153640393e-15
4.773323431376686131e+03 3.315866783654293390e-15
4.776323431376686131e+03 3.224996618196579524e-15
4.779323431376686131e+03 3.114171289029045188e-15
4.782323431376686131e+03 3.009502073873733932e-15
4.785323431376686131e+03 2.926089507169395371e-15
4.788323431376686131e+03 2.905548864305683933e-15
4.791323431376686131e+03 2.904201471361350940e-15
4.794323431376686131e+03 2.934938873445480290e-15
4.797323431376686131e+03 3.091306939377156345e-15
4.800323431376686131e+03 3.335891255166896569e-15
4.803323431376686131e+03 3.636667483527679123e-15
4.806323431376686131e+03 3.985972068058094226e-15
4.809323431376686131e+03 4.424851329121293225e-15
4.812323431376686131e+03 4.851772099872784313e-15
4.815323431376686131e+03 5.249012506144250645e-15
4.818323431376686131e+03 5.573164300603286148e-15
4.821323431376686131e+03 5.906231416627189179e-15
4.824323431376686131e+03 6.225495727352103045e-15
4.827323431376686131e+03 6.489994524376260646e-15
4.830323431376686131e+03 6.673094564127039913e-15
4.833323431376686131e+03 6.816902100105644658e-15
4.836323431376686131e+03 6.927108008407692376e-15
4.839323431376686131e+03 6.931007795423627961e-15
4.842323431376686131e+03 6.865519134771696299e-15
4.845323431376686131e+03 6.738619998668861744e-15
4.848323431376686131e+03 6.544137166513075836e-15
4.851323431376686131e+03 6.321316002271602942e-15
4.854323431376686131e+03 6.095130795530276992e-15
4.857323431376686131e+03 5.876335557470595961e-15
4.860323431376686131e+03 5.700148801461091448e-15
4.863323431376686131e+03 5.592856627806228056e-15
4.866323431376686131e+03 5.551702594908900165e-15
4.869323431376686131e+03 5.580731030629466114e-15
4.872323431376686131e+03 5.668554419865945882e-15
4.875323431376686131e+03 5.790484714080039200e-15
4.878323431376686131e+03 5.938752839559851109e-15
4.881323431376686131e+03 6.122123588703411963e-15
4.884323431376686131e+03 6.305504502674169429e-15
4.887323431376686131e+03 6.480955674038710955e-15
4.890323431376686131e+03 6.610245756287826131e-15
4.893323431376686131e+03 6.733168613375615455e-15
4.896323431376686131e+03 6.842078668911881145e-15
4.899323431376686131e+03 6.920378578899868102e-15
4.902323431376686131e+03 6.964475626389869492e-15
4.905323431376686131e+03 6.976681816535221207e-15
4.908323431376686131e+03 6.954959404290903801e-15
4.911323431376686131e+03 6.899592576290810824e-15
4.914323431376686131e+03 6.868149652656275566e-15
4.917323431376686131e+03 6.836271464797522168e-15
4.920323431376686131e+03 6.746689772314711981e-15
4.923323431376686131e+03 6.601116814997594022e-15
4.926323431376686131e+03 6.416986216133918192e-15
4.929323431376686131e+03 6.194200160419088197e-15
4.932323431376686131e+03 5.933131041164387926e-15
4.935323431376686131e+03 5.645198250691348848e-15
4.938323431376686131e+03 5.337295346965540250e-15
4.941323431376686131e+03 5.029654826864595725e-15
4.944323431376686131e+03 4.779986276471659141e-15
4.947323431376686131e+03 4.560678302107201401e-15
4.950323431376686131e+03 4.361967008163451254e-15
4.953323431376686131e+03 4.207790903334851418e-15
4.956323431376686131e+03 4.099924169321472147e-15
4.959323431376686131e+03 4.048521209775960685e-15
4.962323431376686131e+03 4.140309636614719079e-15
4.965323431376686131e+03 4.320018040158442609e-15
4.968323431376686131e+03 4.546308663510710045e-15
4.971323431376686131e+03 4.789529881566166152e-15
4.974323431376686131e+03 5.053762011351810129e-15
4.977323431376686131e+03 5.310824451898632568e-15
4.980323431376686131e+03 5.552681501139525216e-15
4.983323431376686131e+03 5.735984498593754218e-15
4.986323431376686131e+03 5.941384106632785455e-15
4.989323431376686131e+03 6.140898273979195420e-15
4.992323431376686131e+03 6.273892154991574452e-15
4.995323431376686131e+03 6.352155533431524700e-15
4.998323431376686131e+03 6.423178607046741264e-15
5.001323431376686131e+03 6.502761872315135219e-15
5.004323431376686131e+03 6.555776221085172142e-15
5.007323431376686131e+03 6.597231171216774463e-15
5.010323431376686131e+03 6.618905604475779947e-15
5.013323431376686131e+03 6.582249192919027693e-15
5.016323431376686131e+03 6.548336052977253497e-15
5.019323431376686131e+03 6.519547695492618811e-15
5.022323431376686131e+03 6.498863152975711408e-15
5.025323431376686131e+03 6.435754986494917836e-15
5.028323431376686131e+03 6.369784090443372953e-15
5.031323431376686131e+03 6.305406831659533607e-15
5.034323431376686131e+03 6.252177687000000022e-15
5.037323431376686131e+03 6.183341883688353544e-15
5.040323431376686131e+03 6.084230732830134472e-15
5.043323431376686131e+03 5.926825593677275222e-15
5.046323431376686131e+03 5.758808004241767168e-15
5.049323431376686131e+03 5.613895632086415578e-15
5.052323431376686131e+03 5.499053235665436810e-15
5.055323431376686131e+03 5.416087929395421336e-15
5.058323431376686131e+03 5.327025359717026277e-15
5.061323431376686131e+03 5.231736503953921458e-15
5.064323431376686131e+03 5.127042686641509195e-15
5.067323431376686131e+03 5.019167411335181339e-15
5.070323431376686131e+03 4.885884533708939590e-15
5.073323431376686131e+03 4.717094134724447280e-15
5.076323431376686131e+03 4.567825476130131541e-15
5.079323431376686131e+03 4.415760036844767580e-15
5.082323431376686131e+03 4.253112320834785011e-15
5.085323431376686131e+03 4.050474908656160882e-15
5.088323431376686131e+03 3.858299379178390041e-15
5.091323431376686131e+03 3.666032922360031621e-15
5.094323431376686131e+03 3.467806585654077376e-15
5.097323431376686131e+03 3.290584109201167860e-15
5.100323431376686131e+03 3.191154261988567885e-15
5.103323431376686131e+03 3.168795250805694611e-15
5.106323431376686131e+03 3.218548470027960472e-15
5.109323431376686131e+03 3.277754087852187855e-15
5.112323431376686131e+03 3.370855598081008398e-15
5.115323431376686131e+03 3.534097275725783661e-15
5.118323431376686131e+03 3.708517397553209294e-15
5.121323431376686131e+03 3.903786225157182276e-15
5.124323431376686131e+03 4.118492644076842538e-15
5.127323431376686131e+03 4.307837591680045594e-15
5.130323431376686131e+03 4.485849001236101941e-15
5.133323431376686131e+03 4.656662279604097340e-15
5.136323431376686131e+03 4.823620862452204020e-15
5.139323431376686131e+03 4.999383393505875136e-15
5.142323431376686131e+03 5.175534100196864144e-15
5.145323431376686131e+03 5.349209428081368110e-15
5.148323431376686131e+03 5.471200523516030505e-15
5.151323431376686131e+03 5.564850442245207405e-15
5.154323431376686131e+03 5.642835603101020902e-15
5.157323431376686131e+03 5.734446553798028964e-15
5.160323431376686131e+03 5.742321864953748547e-15
5.163323431376686131e+03 5.707405350169802541e-15
5.166323431376686131e+03 5.639841921537412796e-15
5.169323431376686131e+03 5.634854754541231213e-15
5.172323431376686131e+03 5.625193053871836258e-15
5.175323431376686131e+03 5.612446952321448506e-15
5.178323431376686131e+03 5.620286630265608951e-15
5.181323431376686131e+03 5.669157353764476276e-15
5.184323431376686131e+03 5.721202213540702338e-15
5.187323431376686131e+03 5.745647627626157618e-15
5.190323431376686131e+03 5.761148772568475465e-15
5.193323431376686131e+03 5.746287937273651859e-15
5.196323431376686131e+03 5.695736863047814110e-15
5.199323431376686131e+03 5.585510805392652527e-15
5.202323431376686131e+03 5.504978124276572060e-15
5.205323431376686131e+03 5.436258112460989696e-15
5.208323431376686131e+03 5.359024727581626983e-15
5.211323431376686131e+03 5.281161019989309184e-15
5.214323431376686131e+03 5.218561204583967301e-15
5.217323431376686131e+03 5.177586968708494616e-15
5.220323431376686131e+03 5.203826944425038485e-15
5.223323431376686131e+03 5.230273199474211489e-15
5.226323431376686131e+03 5.261301822992660780e-15
5.229323431376686131e+03 5.309946146166033581e-15
5.232323431376686131e+03 5.329440321530644189e-15
5.235323431376686131e+03 5.317809965776969943e-15
5.238323431376686131e+03 5.267930849800727657e-15
5.241323431376686131e+03 5.202551261625647351e-15
5.244323431376686131e+03 5.126210316058256185e-15
5.247323431376686131e+03 5.051681662071041277e-15
5.250323431376686131e+03 5.036054038429131340e-15
5.253323431376686131e+03 5.024948680901129199e-15
5.256323431376686131e+03 5.022884301057782896e-15
5.259323431376686131e+03 5.036259330151935042e-15
5.262323431376686131e+03 5.077298452935210391e-15
5.265323431376686131e+03 5.134444763430336202e-15
5.268323431376686131e+03 5.208809125615297788e-15
5.271323431376686131e+03 5.321592440525671776e-15
5.274323431376686131e+03 5.426202075559700084e-15
5.277323431376686131e+03 5.510583071310684445e-15
5.280323431376686131e+03 5.550480243281216619e-15
5.283323431376686131e+03 5.609885851410758698e-15
5.286323431376686131e+03 5.676001944360068518e-15
5.289323431376686131e+03 5.746239009584303680e-15
5.292323431376686131e+03 5.811405378872146969e-15
5.295323431376686131e+03 5.861525206101763854e-15
5.298323431376686131e+03 5.901108291699724346e-15
5.301323431376686131e+03 5.935145437950537245e-15
5.304323431376686131e+03 5.917990560689914521e-15
5.307323431376686131e+03 5.890594537689602430e-15
5.310323431376686131e+03 5.866803077423323150e-15
5.313323431376686131e+03 5.913350105816632473e-15
5.316323431376686131e+03 5.957263983622484939e-15
5.319323431376686131e+03 5.991997251383348104e-15
5.322323431376686131e+03 5.994112564971170508e-15
5.325323431376686131e+03 5.982271771755698845e-15
5.328323431376686131e+03 5.971677548318009400e-15
5.331323431376686131e+03 5.972817617369707718e-15
5.334323431376686131e+03 5.938892351767854765e-15
5.337323431376686131e+03 5.894553372959822377e-15
5.340323431376686131e+03 5.843782435225084130e-15
5.343323431376686131e+03 5.799364693587658513e-15
5.346323431376686131e+03 5.752785689762336061e-15
5.349323431376686131e+03 5.703926711459536422e-15
5.352323431376686131e+03 5.651697033095099366e-15
5.355323431376686131e+03 5.597201752103051893e-15
5.358323431376686131e+03 5.561095732984384222e-15
5.361323431376686131e+03 5.546806909153405977e-15
5.364323431376686131e+03 5.528111182635678548e-15
5.367323431376686131e+03 5.492631425875045550e-15
5.370323431376686131e+03 5.450254162820134944e-15
5.373323431376686131e+03 5.416962520361885117e-15
5.376323431376686131e+03 5.423742760396510234e-15
5.379323431376686131e+03 5.449122995558195547e-15
5.382323431376686131e+03 5.488531767203141528e-15
5.385323431376686131e+03 5.482656818449806686e-15
5.388323431376686131e+03 5.472738317281118480e-15
5.391323431376686131e+03 5.460928433215325715e-15
5.394323431376686131e+03 5.452928179582410536e-15
5.397323431376686131e+03 5.432286528942483439e-15
5.400323431376686131e+03 5.409550899530774044e-15
5.403323431376686131e+03 5.390359410663506567e-15
5.406323431376686131e+03 5.391456312251795686e-15
5.409323431376686131e+03 5.367391242554868439e-15
5.412323431376686131e+03 5.324414622867191509e-15
5.415323431376686131e+03 5.318838142399464611e-15
5.418323431376686131e+03 5.313279548213658707e-15
5.421323431376686131e+03 5.297485139359770064e-15
5.424323431376686131e+03 5.257054646966642515e-15
5.427323431376686131e+03 5.208417538787160265e-15
5.430323431376686131e+03 5.172160885934057710e-15
5.433323431376686131e+03 5.151317145313181701e-15
5.436323431376686131e+03 5.135406722331940834e-15
5.439323431376686131e+03 5.109808065780096316e-15
5.442323431376686131e+03 5.068422289894907961e-15
5.445323431376686131e+03 4.993314759400592530e-15
5.448323431376686131e+03 4.975926393092077026e-15
5.451323431376686131e+03 4.957115157486538936e-15
5.454323431376686131e+03 4.919486562212833352e-15
5.457323431376686131e+03 4.891937952173231274e-15
5.460323431376686131e+03 4.875541754263054838e-15
5.463323431376686131e+03 4.865378600157990344e-15
5.466323431376686131e+03 4.849059432511721343e-15
5.469323431376686131e+03 4.849595541939077465e-15
5.472323431376686131e+03 4.863314484721181567e-15
5.475323431376686131e+03 4.891557143583850188e-15
5.478323431376686131e+03 4.945397485937031775e-15
5.481323431376686131e+03 4.994057802934245585e-15
5.484323431376686131e+03 5.034358108899507847e-15
5.487323431376686131e+03 5.055715587075556196e-15
5.490323431376686131e+03 5.094538413819257883e-15
5.493323431376686131e+03 5.139820684828079442e-15
5.496323431376686131e+03 5.184114835565373908e-15
5.499323431376686131e+03 5.196045707788276673e-15
5.502323431376686131e+03 5.205738235514816526e-15
5.505323431376686131e+03 5.216496476982324728e-15
5.508323431376686131e+03 5.219577853313864933e-15
5.511323431376686131e+03 5.223814136975097102e-15
5.514323431376686131e+03 5.226192343897933902e-15
5.517323431376686131e+03 5.221252183839920668e-15
5.520323431376686131e+03 5.198808173220765345e-15
5.523323431376686131e+03 5.173042452841161135e-15
5.526323431376686131e+03 5.147963665037544520e-15
5.529323431376686131e+03 5.159748545699276029e-15
5.532323431376686131e+03 5.173514054233485145e-15
5.535323431376686131e+03 5.182222387883576504e-15
5.538323431376686131e+03 5.164826437749302334e-15
5.541323431376686131e+03 5.138158737908560219e-15
5.544323431376686131e+03 5.092614861380836769e-15
5.547323431376686131e+03 5.019668135351004564e-15
5.550323431376686131e+03 5.011585487728449656e-15
5.553323431376686131e+03 4.991197074658560552e-15
5.556323431376686131e+03 4.957944024512025161e-15
5.559323431376686131e+03 4.919897749050002170e-15
5.562323431376686131e+03 4.895366924293901124e-15
5.565323431376686131e+03 4.874759382281946290e-15
5.568323431376686131e+03 4.851802946629511253e-15
5.571323431376686131e+03 4.821618261556803547e-15
5.574323431376686131e+03 4.792902884984990851e-15
5.577323431376686131e+03 4.767072637161835339e-15
5.580323431376686131e+03 4.748135857418089649e-15
5.583323431376686131e+03 4.706537008003124738e-15
5.586323431376686131e+03 4.658227308957298304e-15
5.589323431376686131e+03 4.621836726881299129e-15
5.592323431376686131e+03 4.593955288131469613e-15
5.595323431376686131e+03 4.591147471871533181e-15
5.598323431376686131e+03 4.618374128258216607e-15
5.601323431376686131e+03 4.649097614648034114e-15
5.604323431376686131e+03 4.644832947662196946e-15
5.607323431376686131e+03 4.624464257552602657e-15
5.610323431376686131e+03 4.624902666829226628e-15
5.613323431376686131e+03 4.621113559221930726e-15
5.616323431376686131e+03 4.627778806140788174e-15
5.619323431376686131e+03 4.652819985112007741e-15
5.622323431376686131e+03 4.679019597704430667e-15
5.625323431376686131e+03 4.699840509903870367e-15
5.628323431376686131e+03 4.711437094647181591e-15
5.631323431376686131e+03 4.695048377723838823e-15
5.634323431376686131e+03 4.699596940553519876e-15
5.637323431376686131e+03 4.704773545123128841e-15
5.640323431376686131e+03 4.696424390099014565e-15
5.643323431376686131e+03 4.682647627197906217e-15
5.646323431376686131e+03 4.675682417577181599e-15
5.649323431376686131e+03 4.675943197011852700e-15
5.652323431376686131e+03 4.677839501270248671e-15
5.655323431376686131e+03 4.690050967393046219e-15
5.658323431376686131e+03 4.697643714984206678e-15
5.661323431376686131e+03 4.680644356948941877e-15
5.664323431376686131e+03 4.654529114070461219e-15
5.667323431376686131e+03 4.636636874597382071e-15
5.670323431376686131e+03 4.629772625816240504e-15
5.673323431376686131e+03 4.608575994882616282e-15
5.676323431376686131e+03 4.587459365186972573e-15
5.679323431376686131e+03 4.572047189133765571e-15
5.682323431376686131e+03 4.576701187927187686e-15
5.685323431376686131e+03 4.594463320348981325e-15
5.688323431376686131e+03 4.607014023502238666e-15
5.691323431376686131e+03 4.606989955530072277e-15
5.694323431376686131e+03 4.614817606022517514e-15
5.697323431376686131e+03 4.595028961545168906e-15
5.700323431376686131e+03 4.555760774326586084e-15
5.703323431376686131e+03 4.521292674258868397e-15
5.706323431376686131e+03 4.495914607973825832e-15
5.709323431376686131e+03 4.475607262511942039e-15
5.712323431376686131e+03 4.459328533537171140e-15
5.715323431376686131e+03 4.431798912645097306e-15
5.718323431376686131e+03 4.403689048231329425e-15
5.721323431376686131e+03 4.373975344861916387e-15
5.724323431376686131e+03 4.329373566806656079e-15
5.727323431376686131e+03 4.287440322768514495e-15
5.730323431376686131e+03 4.256105486571465822e-15
5.733323431376686131e+03 4.248192410065349702e-15
5.736323431376686131e+03 4.202050166507636730e-15
5.739323431376686131e+03 4.135188864061624173e-15
5.742323431376686131e+03 4.054975527552532506e-15
5.745323431376686131e+03 4.048976876087819807e-15
5.748323431376686131e+03 4.059290409829573369e-15
5.751323431376686131e+03 4.066987445627509575e-15
5.754323431376686131e+03 4.036108897011668106e-15
5.757323431376686131e+03 4.031296353061643047e-15
5.760323431376686131e+03 4.048370356424160456e-15
5.763323431376686131e+03 4.088760550928844767e-15
5.766323431376686131e+03 4.116922853997666361e-15
5.769323431376686131e+03 4.149862664725082233e-15
5.772323431376686131e+03 4.184900354156409264e-15
5.775323431376686131e+03 4.214087106975080848e-15
5.778323431376686131e+03 4.217299904332985893e-15
5.781323431376686131e+03 4.219727199519054530e-15
5.784323431376686131e+03 4.235159184294219680e-15
5.787323431376686131e+03 4.251939460299262590e-15
5.790323431376686131e+03 4.255093384102698002e-15
5.793323431376686131e+03 4.243970360172407274e-15
5.796323431376686131e+03 4.216566054906121334e-15
5.799323431376686131e+03 4.167080422022445088e-15
5.802323431376686131e+03 4.115919919280584145e-15
5.805323431376686131e+03 4.081856061681414764e-15
5.808323431376686131e+03 4.021814137107544276e-15
5.811323431376686131e+03 3.956300632722574244e-15
5.814323431376686131e+03 3.890171954313968205e-15
5.817323431376686131e+03 3.849417142235339793e-15
5.820323431376686131e+03 3.833118742172850787e-15
5.823323431376686131e+03 3.834623696285878876e-15
5.826323431376686131e+03 3.851424396055845921e-15
5.829323431376686131e+03 3.883677621897273256e-15
5.832323431376686131e+03 3.914060580230693139e-15
5.835323431376686131e+03 3.938093923466707767e-15
5.838323431376686131e+03 4.000267267587046774e-15
5.841323431376686131e+03 4.090453845590712588e-15
5.844323431376686131e+03 4.195972644913985506e-15
5.847323431376686131e+03 4.287240373205911547e-15
5.850323431376686131e+03 4.313363692233993015e-15
5.853323431376686131e+03 4.320913565721668481e-15
5.856323431376686131e+03 4.328463439209343947e-15
5.859323431376686131e+03 4.336013312697019413e-15
5.862323431376686131e+03 4.343563186184694879e-15
5.865323431376686131e+03 4.351113059672370344e-15
5.868323431376686131e+03 4.358662933160045810e-15
5.871323431376686131e+03 4.366212806647721276e-15
5.874323431376686131e+03 4.373762680135396742e-15
5.877323431376686131e+03 4.381312553623072208e-15
5.880323431376686131e+03 4.388862427110747674e-15
5.883323431376686131e+03 4.396412300598423140e-15
5.886323431376686131e+03 4.403962174086098605e-15
5.889323431376686131e+03 4.411512047573774071e-15
5.892323431376686131e+03 4.419061921061449537e-15
5.895323431376686131e+03 4.426611794549125003e-15
5.898323431376686131e+03 4.434161668036800469e-15
5.901323431376686131e+03 4.441711541524475935e-15
5.904323431376686131e+03 4.449261415012151401e-15
5.907323431376686131e+03 4.456811288499826866e-15
5.910323431376686131e+03 4.464361161987502332e-15
5.913323431376686131e+03 4.471911035475177798e-15
5.916323431376686131e+03 4.479460908962853264e-15
5.919323431376686131e+03 4.487010782450528730e-15
5.922323431376686131e+03 4.468879969866069719e-15
5.925323431376686131e+03 4.439653151874943788e-15
5.928323431376686131e+03 4.403415091429859465e-15
5.931323431376686131e+03 4.381007515561363105e-15
5.934323431376686131e+03 4.379513874497550168e-15
5.937323431376686131e+03 4.393686420869971251e-15
5.940323431376686131e+03 4.404407541082699525e-15
5.943323431376686131e+03 4.401100503219935735e-15
5.946323431376686131e+03 4.398493880345027545e-15
5.949323431376686131e+03 4.407886886905206856e-15
5.952323431376686131e+03 4.408059132176865851e-15
5.955323431376686131e+03 4.390334217572479869e-15
5.958323431376686131e+03 4.361541462267348749e-15
5.961323431376686131e+03 4.390846964599804256e-15
5.964323431376686131e+03 4.418663376247828938e-15
5.967323431376686131e+03 4.441200182260643856e-15
5.970323431376686131e+03 4.451287403779939314e-15
5.973323431376686131e+03 4.442333078949686120e-15
5.976323431376686131e+03 4.429355916564393809e-15
5.979323431376686131e+03 4.415890316128683248e-15
5.982323431376686131e+03 4.418214623174533677e-15
5.985323431376686131e+03 4.406225228717139292e-15
5.988323431376686131e+03 4.382142429797666057e-15
5.991323431376686131e+03 4.345199176711425682e-15
5.994323431376686131e+03 4.340512546068930523e-15
5.997323431376686131e+03 4.348190669687417847e-15
6.000323431376686131e+03 4.362755304440787523e-15
6.003323431376686131e+03 4.344282701265838520e-15
6.006323431376686131e+03 4.322072494505126240e-15
6.009323431376686131e+03 4.297796628795642465e-15
6.012323431376686131e+03 4.274922369167150654e-15
6.015323431376686131e+03 4.264632509459300122e-15
6.018323431376686131e+03 4.270572526550969004e-15
6.021323431376686131e+03 4.300143719720037030e-15
6.024323431376686131e+03 4.309267884459156466e-15
6.027323431376686131e+03 4.303146980602625313e-15
6.030323431376686131e+03 4.285000756398841165e-15
6.033323431376686131e+03 4.273938949481594117e-15
6.036323431376686131e+03 4.276255343161467996e-15
6.039323431376686131e+03 4.281952316043771514e-15
6.042323431376686131e+03 4.281079302869287352e-15
6.045323431376686131e+03 4.258441022509403265e-15
6.048323431376686131e+03 4.225983364908844240e-15
6.051323431376686131e+03 4.187404957274615791e-15
6.054323431376686131e+03 4.180988837120280951e-15
6.057323431376686131e+03 4.179373677979196355e-15
6.060323431376686131e+03 4.177932224426597541e-15
6.063323431376686131e+03 4.167708402927604346e-15
6.066323431376686131e+03 4.158098731641079660e-15
6.069323431376686131e+03 4.153077070545103442e-15
6.072323431376686131e+03 4.154623253843599980e-15
6.075323431376686131e+03 4.140667415563406000e-15
6.078323431376686131e+03 4.121476957147187704e-15
6.081323431376686131e+03 4.103182384913234088e-15
6.084323431376686131e+03 4.107135856755635063e-15
6.087323431376686131e+03 4.111085801501268053e-15
6.090323431376686131e+03 4.120360845948844666e-15
6.093323431376686131e+03 4.139589309311046758e-15
6.096323431376686131e+03 4.166672284084301998e-15
6.099323431376686131e+03 4.185976345985314190e-15
6.102323431376686131e+03 4.200055940591872671e-15
6.105323431376686131e+03 4.231315200768401375e-15
6.108323431376686131e+03 4.242082643717269583e-15
6.111323431376686131e+03 4.240987632569802697e-15
6.114323431376686131e+03 4.232032141824658811e-15
6.117323431376686131e+03 4.262387580202415266e-15
6.120323431376686131e+03 4.283922245977135174e-15
6.123323431376686131e+03 4.289478433045363529e-15
6.126323431376686131e+03 4.291923907977821945e-15
6.129323431376686131e+03 4.294207138176158064e-15
6.132323431376686131e+03 4.293522189108892466e-15
6.135323431376686131e+03 4.283621586045033710e-15
6.138323431376686131e+03 4.270129463631161385e-15
6.141323431376686131e+03 4.243600396668920932e-15
6.144323431376686131e+03 4.199814723875676625e-15
6.147323431376686131e+03 4.153656758269643389e-15
6.150323431376686131e+03 4.125303898365773156e-15
6.153323431376686131e+03 4.105530326611632788e-15
6.156323431376686131e+03 4.069706762845345761e-15
6.159323431376686131e+03 4.044867514186929197e-15
6.162323431376686131e+03 4.015405270973319035e-15
6.165323431376686131e+03 3.972002312629455064e-15
6.168323431376686131e+03 3.920315715430856650e-15
6.171323431376686131e+03 3.897716289167868925e-15
6.174323431376686131e+03 3.904538924080047308e-15
6.177323431376686131e+03 3.939658839469824746e-15
6.180323431376686131e+03 3.974907564918314420e-15
6.183323431376686131e+03 4.005373141509600583e-15
6.186323431376686131e+03 4.024854198564245491e-15
6.189323431376686131e+03 4.043624713369425259e-15
6.192323431376686131e+03 4.066396878187844248e-15
6.195323431376686131e+03 4.092884149151834504e-15
6.198323431376686131e+03 4.111063034052923214e-15
6.201323431376686131e+03 4.122786640031402874e-15
6.204323431376686131e+03 4.132681818694452164e-15
6.207323431376686131e+03 4.146996548789960309e-15
6.210323431376686131e+03 4.180213807366224814e-15
6.213323431376686131e+03 4.199395794164525628e-15
6.216323431376686131e+03 4.194849370108873880e-15
6.219323431376686131e+03 4.181068104236644016e-15
6.222323431376686131e+03 4.176547284204463054e-15
6.225323431376686131e+03 4.179770313237705660e-15
6.228323431376686131e+03 4.190119585170287866e-15
6.231323431376686131e+03 4.177342046469391270e-15
6.234323431376686131e+03 4.160961337216061969e-15
6.237323431376686131e+03 4.149226903211614010e-15
6.240323431376686131e+03 4.158238746737439054e-15
6.243323431376686131e+03 4.135717942745843823e-15
6.246323431376686131e+03 4.087216566504221281e-15
6.249323431376686131e+03 4.041088091872358900e-15
6.252323431376686131e+03 4.034084949731297572e-15
6.255323431376686131e+03 4.030421572662919338e-15
6.258323431376686131e+03 4.002689574425902180e-15
6.261323431376686131e+03 3.933965795584569866e-15
6.264323431376686131e+03 3.853736736751680606e-15
6.267323431376686131e+03 3.769439367486884879e-15
6.270323431376686131e+03 3.721328396049855100e-15
6.273323431376686131e+03 3.679695190543572787e-15
6.276323431376686131e+03 3.633528681944385877e-15
6.279323431376686131e+03 3.565820973591638590e-15
6.282323431376686131e+03 3.535331866151500125e-15
6.285323431376686131e+03 3.516266084439419818e-15
6.288323431376686131e+03 3.503242348705489190e-15
6.291323431376686131e+03 3.482759127129145420e-15
6.294323431376686131e+03 3.477822249461703572e-15
6.297323431376686131e+03 3.478867661968220277e-15
6.300323431376686131e+03 3.466116033126150386e-15
6.303323431376686131e+03 3.479436392998988692e-15
6.306323431376686131e+03 3.503140051389965376e-15
6.309323431376686131e+03 3.532771385965590361e-15
6.312323431376686131e+03 3.549344498325801470e-15
6.315323431376686131e+03 3.582928207790725961e-15
6.318323431376686131e+03 3.626256680483905903e-15
6.321323431376686131e+03 3.648880926193005462e-15
6.324323431376686131e+03 3.656312674124622311e-15
6.327323431376686131e+03 3.657776127514175392e-15
6.330323431376686131e+03 3.657897523320071980e-15
6.333323431376686131e+03 3.681957147595632522e-15
6.336323431376686131e+03 3.687172113321968936e-15
6.339323431376686131e+03 3.674413786219465948e-15
6.342323431376686131e+03 3.683292105482683042e-15
6.345323431376686131e+03 3.695419226861671254e-15
6.348323431376686131e+03 3.701300745650847596e-15
6.351323431376686131e+03 3.686778087949917622e-15
6.354323431376686131e+03 3.664606028578386000e-15
6.357323431376686131e+03 3.643466162276620938e-15
6.360323431376686131e+03 3.626158330934456272e-15
6.363323431376686131e+03 3.634733894740220104e-15
6.366323431376686131e+03 3.625264391109087218e-15
6.369323431376686131e+03 3.600250652860572107e-15
6.372323431376686131e+03 3.557553762070738289e-15
6.375323431376686131e+03 3.527559393364319577e-15
6.378323431376686131e+03 3.487869112954189206e-15
6.381323431376686131e+03 3.428926666002464022e-15
6.384323431376686131e+03 3.384229837082155169e-15
6.387323431376686131e+03 3.331330896125536755e-15
6.390323431376686131e+03 3.268300585066643927e-15
6.393323431376686131e+03 3.185264741737055096e-15
6.396323431376686131e+03 3.114005558314064518e-15
6.399323431376686131e+03 3.028981182855363250e-15
6.402323431376686131e+03 2.910100369492960469e-15
6.405323431376686131e+03 2.785273595317040969e-15
6.408323431376686131e+03 2.659285529826997562e-15
6.411323431376686131e+03 2.531554075069255226e-15
6.414323431376686131e+03 2.395033123426349519e-15
6.417323431376686131e+03 2.276122680381011442e-15
6.420323431376686131e+03 2.172409737907918180e-15
6.423323431376686131e+03 2.087526963346725013e-15
6.426323431376686131e+03 2.031226944753756903e-15
6.429323431376686131e+03 1.981822964270135817e-15
6.432323431376686131e+03 1.935596961926716529e-15
6.435323431376686131e+03 1.887568579044207334e-15
6.438323431376686131e+03 1.844469682016249421e-15
6.441323431376686131e+03 1.808643316820497240e-15
6.444323431376686131e+03 1.787839712963477012e-15
6.447323431376686131e+03 1.775098613604641378e-15
6.450323431376686131e+03 1.776427400567962921e-15
6.453323431376686131e+03 1.795487433190927751e-15
6.456323431376686131e+03 1.862904029145206123e-15
6.459323431376686131e+03 1.955963624218376572e-15
6.462323431376686131e+03 2.074952302023592603e-15
6.465323431376686131e+03 2.231144324095013852e-15
6.468323431376686131e+03 2.419563041153150225e-15
6.471323431376686131e+03 2.638136331526019649e-15
6.474323431376686131e+03 2.893643280732369413e-15
6.477323431376686131e+03 3.160987453519043990e-15
6.480323431376686131e+03 3.451794467076472424e-15
6.483323431376686131e+03 3.767246088628465667e-15
6.486323431376686131e+03 4.116451851944830585e-15
6.489323431376686131e+03 4.466089763118712685e-15
6.492323431376686131e+03 4.802567448552027590e-15
6.495323431376686131e+03 5.107825290666403732e-15
6.498323431376686131e+03 5.384112573786414182e-15
6.501323431376686131e+03 5.662191193233945925e-15
6.504323431376686131e+03 5.945311997057301910e-15
6.507323431376686131e+03 6.215566439974724890e-15
6.510323431376686131e+03 6.477768185881697878e-15
6.513323431376686131e+03 6.713560719805757245e-15
6.516323431376686131e+03 6.880695954449437314e-15
6.519323431376686131e+03 7.020197202414523840e-15
6.522323431376686131e+03 7.144917492356634988e-15
6.525323431376686131e+03 7.256568600289513287e-15
6.528323431376686131e+03 7.331232152098476720e-15
6.531323431376686131e+03 7.391885866397092632e-15
6.534323431376686131e+03 7.438159149358783397e-15
6.537323431376686131e+03 7.462799383547146006e-15
6.540323431376686131e+03 7.490786711291845113e-15
6.543323431376686131e+03 7.512260650185006222e-15
6.546323431376686131e+03 7.520838967977854011e-15
6.549323431376686131e+03 7.479268136186030370e-15
6.552323431376686131e+03 7.427574144915953338e-15
6.555323431376686131e+03 7.369983954736337421e-15
6.558323431376686131e+03 7.316440474992933518e-15
6.561323431376686131e+03 7.285436639945534800e-15
6.564323431376686131e+03 7.253384090932845762e-15
6.567323431376686131e+03 7.199893712736699345e-15
6.570323431376686131e+03 7.095878918860352215e-15
6.573323431376686131e+03 6.955821222028630039e-15
6.576323431376686131e+03 6.788346655704127546e-15
6.579323431376686131e+03 6.672056704814530511e-15
6.582323431376686131e+03 6.580463768002907657e-15
6.585323431376686131e+03 6.495022474383190374e-15
6.588323431376686131e+03 6.391716398559778532e-15
6.591323431376686131e+03 6.245789777953979698e-15
6.594323431376686131e+03 6.097746104856478635e-15
6.597323431376686131e+03 5.958083287451241862e-15
6.600323431376686131e+03 5.859494821512843526e-15
6.603323431376686131e+03 5.747718585885037744e-15
6.606323431376686131e+03 5.626601148092655963e-15
6.609323431376686131e+03 5.501568479330428526e-15
6.612323431376686131e+03 5.404325386742324779e-15
6.615323431376686131e+03 5.307872985898255659e-15
6.618323431376686131e+03 5.200617182373047631e-15
6.621323431376686131e+03 5.080113671899443504e-15
6.624323431376686131e+03 4.979119524925760719e-15
6.627323431376686131e+03 4.896363361865030412e-15
6.630323431376686131e+03 4.827472036691071614e-15
6.633323431376686131e+03 4.753260540262129164e-15
6.636323431376686131e+03 4.677361195976783866e-15
6.639323431376686131e+03 4.601946237987600498e-15
6.642323431376686131e+03 4.529359607549538467e-15
6.645323431376686131e+03 4.456450746443636688e-15
6.648323431376686131e+03 4.386727620617733136e-15
6.651323431376686131e+03 4.354864170843844476e-15
6.654323431376686131e+03 4.296626755501752965e-15
6.657323431376686131e+03 4.221289285874864630e-15
6.660323431376686131e+03 4.133242584579155738e-15
6.663323431376686131e+03 4.053485213283573956e-15
6.666323431376686131e+03 3.994343468713271134e-15
6.669323431376686131e+03 3.957717808649461005e-15
6.672323431376686131e+03 3.884749574554964854e-15
6.675323431376686131e+03 3.835971100916536948e-15
6.678323431376686131e+03 3.802670918382094950e-15
6.681323431376686131e+03 3.772786482845268404e-15
6.684323431376686131e+03 3.739442958521418419e-15
6.687323431376686131e+03 3.705089840652174632e-15
6.690323431376686131e+03 3.670492144311200401e-15
6.693323431376686131e+03 3.626668621761852667e-15
6.696323431376686131e+03 3.593718767746921523e-15
6.699323431376686131e+03 3.569140564305244825e-15
6.702323431376686131e+03 3.544560008841641136e-15
6.705323431376686131e+03 3.517726169414737359e-15
6.708323431376686131e+03 3.490494534722844782e-15
6.711323431376686131e+03 3.463984278527681004e-15
6.714323431376686131e+03 3.441173417182769882e-15
6.717323431376686131e+03 3.420903023896542825e-15
6.720323431376686131e+03 3.403169751105906947e-15
6.723323431376686131e+03 3.389082683606047035e-15
6.726323431376686131e+03 3.377520289533941029e-15
6.729323431376686131e+03 3.367703159576123045e-15
6.732323431376686131e+03 3.359475931470174683e-15
6.735323431376686131e+03 3.352121491165239711e-15
6.738323431376686131e+03 3.344626543305494736e-15
6.741323431376686131e+03 3.336799123359603059e-15
6.744323431376686131e+03 3.328723049013406794e-15
6.747323431376686131e+03 3.320821108847069520e-15
6.750323431376686131e+03 3.313175290943743478e-15
6.753323431376686131e+03 3.306067531998139855e-15
6.756323431376686131e+03 3.299931832083254276e-15
6.759323431376686131e+03 3.294688731643046722e-15
6.762323431376686131e+03 3.290438021505219025e-15
6.765323431376686131e+03 3.288438108645431745e-15
6.768323431376686131e+03 3.288069122397543891e-15
6.771323431376686131e+03 3.288952339263063005e-15
6.774323431376686131e+03 3.290275271145131351e-15
6.777323431376686131e+03 3.290788660642507702e-15
6.780323431376686131e+03 3.289897668930266845e-15
6.783323431376686131e+03 3.286858755834529399e-15
6.786323431376686131e+03 3.281518559977028357e-15
6.789323431376686131e+03 3.275308924887643491e-15
6.792323431376686131e+03 3.268390631741616864e-15
6.795323431376686131e+03 3.260976317473201470e-15
6.798323431376686131e+03 3.253957329354155448e-15
6.801323431376686131e+03 3.247642030488265933e-15
6.804323431376686131e+03 3.242623556797226670e-15
6.807323431376686131e+03 3.240483435856937160e-15
6.810323431376686131e+03 3.240815731484224096e-15
6.813323431376686131e+03 3.243513864368169961e-15
6.816323431376686131e+03 3.246541725601468358e-15
6.819323431376686131e+03 3.247936127813072846e-15
6.822323431376686131e+03 3.246850162809514570e-15
6.825323431376686131e+03 3.240647807542228821e-15
6.828323431376686131e+03 3.230485557082874188e-15
6.831323431376686131e+03 3.218427700387672812e-15
6.834323431376686131e+03 3.204915817151334903e-15
6.837323431376686131e+03 3.200770215374275948e-15
6.840323431376686131e+03 3.196624613597216992e-15
6.843323431376686131e+03 3.192479011820158430e-15
6.846323431376686131e+03 3.188333410043099474e-15
6.849323431376686131e+03 3.184187808266040518e-15
6.852323431376686131e+03 3.180042206488981562e-15
6.855323431376686131e+03 3.175896604711922606e-15
6.858323431376686131e+03 3.171751002934863650e-15
6.861323431376686131e+03 3.167605401157805088e-15
6.864323431376686131e+03 3.163459799380746133e-15
6.867323431376686131e+03 3.159314197603687177e-15
6.870323431376686131e+03 3.155168595826628221e-15
6.873323431376686131e+03 3.151022994049569265e-15
6.876323431376686131e+03 3.146877392272510703e-15
6.879323431376686131e+03 3.142731790495451747e-15
6.882323431376686131e+03 3.138586188718392791e-15
6.885323431376686131e+03 3.134440586941333835e-15
6.888323431376686131e+03 3.130294985164274879e-15
6.891323431376686131e+03 3.126149383387216318e-15
6.894323431376686131e+03 3.122003781610157362e-15
6.897323431376686131e+03 3.117858179833098406e-15
6.900323431376686131e+03 3.113712578056039450e-15
6.903323431376686131e+03 3.109566976278980494e-15
6.906323431376686131e+03 3.105421374501921538e-15
6.909323431376686131e+03 3.101275772724862976e-15
6.912323431376686131e+03 3.097130170947804020e-15
6.915323431376686131e+03 3.092984569170745064e-15
6.918323431376686131e+03 3.088838967393686108e-15
6.921323431376686131e+03 3.084693365616627152e-15
6.924323431376686131e+03 3.080547763839568591e-15
6.927323431376686131e+03 3.076402162062509635e-15
6.930323431376686131e+03 3.072256560285450679e-15
6.933323431376686131e+03 3.068110958508391723e-15
6.936323431376686131e+03 3.063965356731332767e-15
6.939323431376686131e+03 3.059819754954274205e-15
6.942323431376686131e+03 3.062517898248380408e-15
6.945323431376686131e+03 3.067059309074777300e-15
6.948323431376686131e+03 3.070081980516414008e-15
6.951323431376686131e+03 3.066812484366028164e-15
6.954323431376686131e+03 3.060319419419715599e-15
6.957323431376686131e+03 3.050928392668874956e-15
6.960323431376686131e+03 3.038541583718326622e-15
6.963323431376686131e+03 3.025149474989902538e-15
6.966323431376686131e+03 3.011351424291429410e-15
6.969323431376686131e+03 2.997783392489199856e-15
6.972323431376686131e+03 2.985852829428497960e-15
6.975323431376686131e+03 2.975936263402543530e-15
6.978323431376686131e+03 2.968374272606457344e-15
6.981323431376686131e+03 2.966049502176500999e-15
6.984323431376686131e+03 2.965206604919223934e-15
6.987323431376686131e+03 2.965349507446470705e-15
6.990323431376686131e+03 2.965761376759026940e-15
6.993323431376686131e+03 2.963867484726615361e-15
6.996323431376686131e+03 2.960911701843285440e-15
6.999323431376686131e+03 2.957203406121976936e-15
7.002323431376686131e+03 2.953723340778991853e-15
7.005323431376686131e+03 2.951619518508472795e-15
7.008323431376686131e+03 2.950876974144030393e-15
7.011323431376686131e+03 2.951795000100687519e-15
7.014323431376686131e+03 2.952429416274098952e-15
7.017323431376686131e+03 2.952212716172943285e-15
7.020323431376686131e+03 2.950467731247759450e-15
7.023323431376686131e+03 2.945258432565018256e-15
7.026323431376686131e+03 2.939358186756153896e-15
7.029323431376686131e+03 2.933191974240481448e-15
7.032323431376686131e+03 2.928024613719905307e-15
7.035323431376686131e+03 2.925455577257317217e-15
7.038323431376686131e+03 2.924737819705513363e-15
7.041323431376686131e+03 2.925763102435889147e-15
7.044323431376686131e+03 2.927725837687416299e-15
7.047323431376686131e+03 2.929711382510238803e-15
7.050323431376686131e+03 2.931499359523686303e-15
7.053323431376686131e+03 2.932226765953423317e-15
7.056323431376686131e+03 2.932023694984596297e-15
7.059323431376686131e+03 2.930813233153223570e-15
7.062323431376686131e+03 2.927959034640610482e-15
7.065323431376686131e+03 2.923159920703879650e-15
7.068323431376686131e+03 2.917519594620833019e-15
7.071323431376686131e+03 2.911302881048423427e-15
7.074323431376686131e+03 2.905216853308690972e-15
7.077323431376686131e+03 2.900004083729389473e-15
7.080323431376686131e+03 2.895678297224825260e-15
7.083323431376686131e+03 2.892591570278028944e-15
7.086323431376686131e+03 2.890562205935334798e-15
7.089323431376686131e+03 2.889416627377294794e-15
7.092323431376686131e+03 2.889304301493019298e-15
7.095323431376686131e+03 2.890087865629436042e-15
7.098323431376686131e+03 2.890900868680291655e-15
7.101323431376686131e+03 2.891539432301640283e-15
7.104323431376686131e+03 2.891029761704375013e-15
7.107323431376686131e+03 2.889014648681937212e-15
7.110323431376686131e+03 2.886318171565058488e-15
7.113323431376686131e+03 2.883548546105632294e-15
7.116323431376686131e+03 2.881779216930961697e-15
7.119323431376686131e+03 2.881736310357778829e-15
7.122323431376686131e+03 2.883536040228959222e-15
7.125323431376686131e+03 2.885640045154633776e-15
7.128323431376686131e+03 2.886263809399336645e-15
7.131323431376686131e+03 2.884769748232519850e-15
7.134323431376686131e+03 2.878979326018065839e-15
7.137323431376686131e+03 2.869937773356048441e-15
7.140323431376686131e+03 2.862210169254374972e-15
7.143323431376686131e+03 2.857403622160410354e-15
7.146323431376686131e+03 2.857384810541047569e-15
7.149323431376686131e+03 2.860190230104191956e-15
7.152323431376686131e+03 2.864692716423447357e-15
7.155323431376686131e+03 2.867879178306242786e-15
7.158323431376686131e+03 2.871645588148799082e-15
7.161323431376686131e+03 2.875052423806072041e-15
7.164323431376686131e+03 2.877479410779832863e-15
7.167323431376686131e+03 2.879114315800883116e-15
7.170323431376686131e+03 2.879540935907618862e-15
7.173323431376686131e+03 2.878552924016211241e-15
7.176323431376686131e+03 2.874703419544834088e-15
7.179323431376686131e+03 2.872489463841353405e-15
7.182323431376686131e+03 2.871234329627147581e-15
7.185323431376686131e+03 2.870661251901826261e-15
7.188323431376686131e+03 2.874834709358183710e-15
7.191323431376686131e+03 2.881352858164402369e-15
7.194323431376686131e+03 2.889709979954615034e-15
7.197323431376686131e+03 2.896991543436502814e-15
7.200323431376686131e+03 2.901508138956998114e-15
7.203323431376686131e+03 2.903818723847051933e-15
7.206323431376686131e+03 2.903807398953377828e-15
7.209323431376686131e+03 2.899321283494657864e-15
7.212323431376686131e+03 2.889430221970780489e-15
7.215323431376686131e+03 2.873380373359439200e-15
7.218323431376686131e+03 2.859292176991282896e-15
7.221323431376686131e+03 2.847630634304394653e-15
7.224323431376686131e+03 2.838342289787244086e-15
7.227323431376686131e+03 2.832293256268244503e-15
7.230323431376686131e+03 2.829462223428762255e-15
7.233323431376686131e+03 2.828981830903922713e-15
7.236323431376686131e+03 2.830973225194720986e-15
7.239323431376686131e+03 2.836450067517124355e-15
7.242323431376686131e+03 2.843755851779637705e-15
7.245323431376686131e+03 2.852832755879459756e-15
7.248323431376686131e+03 2.864356820567001315e-15
7.251323431376686131e+03 2.875676789032686142e-15
7.254323431376686131e+03 2.886020837964730732e-15
7.257323431376686131e+03 2.894378824034160244e-15
7.260323431376686131e+03 2.896718747336481452e-15
7.263323431376686131e+03 2.895609955582895376e-15
7.266323431376686131e+03 2.891407239984517702e-15
7.269323431376686131e+03 2.884973327781358889e-15
7.272323431376686131e+03 2.878812108647312150e-15
7.275323431376686131e+03 2.873493814004284167e-15
7.278323431376686131e+03 2.870229607121343385e-15
7.281323431376686131e+03 2.868714864573647047e-15
7.284323431376686131e+03 2.868444756860242144e-15
7.287323431376686131e+03 2.869431412796120545e-15
7.290323431376686131e+03 2.872631066427037254e-15
7.293323431376686131e+03 2.876001156100840782e-15
7.296323431376686131e+03 2.879174318937680279e-15
7.299323431376686131e+03 2.881133203562189134e-15
7.302323431376686131e+03 2.879857027780313404e-15
7.305323431376686131e+03 2.876224242730173095e-15
7.308323431376686131e+03 2.870138183407871680e-15
7.311323431376686131e+03 2.861554829098906713e-15
7.314323431376686131e+03 2.852141242443723855e-15
7.317323431376686131e+03 2.842084683228506509e-15
7.320323431376686131e+03 2.831745706506102212e-15
7.323323431376686131e+03 2.820649006118679678e-15
7.326323431376686131e+03 2.808908353634865970e-15
7.329323431376686131e+03 2.796393690736860568e-15
7.332323431376686131e+03 2.782472018595073103e-15
7.335323431376686131e+03 2.768365876972236287e-15
7.338323431376686131e+03 2.754308704055975892e-15
7.341323431376686131e+03 2.741239594569327327e-15
7.344323431376686131e+03 2.729890379797444384e-15
7.347323431376686131e+03 2.720077905369386681e-15
7.350323431376686131e+03 2.712242458900436388e-15
7.353323431376686131e+03 2.706375878675475287e-15
7.356323431376686131e+03 2.701715883434315419e-15
7.359323431376686131e+03 2.698201288068164157e-15
7.362323431376686131e+03 2.696190964364013593e-15
7.365323431376686131e+03 2.694991160958115178e-15
7.368323431376686131e+03 2.694486822364171867e-15
7.371323431376686131e+03 2.694747999775274651e-15
7.374323431376686131e+03 2.695715616338392013e-15
7.377323431376686131e+03 2.696756837370053153e-15
7.380323431376686131e+03 2.697640966057361955e-15
7.383323431376686131e+03 2.697519452859545643e-15
7.386323431376686131e+03 2.695640311769890792e-15
7.389323431376686131e+03 2.692314671943842912e-15
7.392323431376686131e+03 2.688295540826432313e-15
7.395323431376686131e+03 2.686290350374055801e-15
7.398323431376686131e+03 2.687128792823498213e-15
7.401323431376686131e+03 2.692242689878858230e-15
7.404323431376686131e+03 2.704757627157743061e-15
7.407323431376686131e+03 2.718987078966122216e-15
7.410323431376686131e+03 2.734096860746827406e-15
7.413323431376686131e+03 2.747699695342058484e-15
7.416323431376686131e+03 2.756861329950039616e-15
7.419323431376686131e+03 2.762568302556573704e-15
7.422323431376686131e+03 2.764495185166399100e-15
7.425323431376686131e+03 2.762533753910094449e-15
7.428323431376686131e+03 2.758003666171975917e-15
7.431323431376686131e+03 2.751044825999225801e-15
7.434323431376686131e+03 2.742402016307416830e-15
7.437323431376686131e+03 2.734656193565136208e-15
7.440323431376686131e+03 2.728594048377169240e-15
7.443323431376686131e+03 2.726559324741765197e-15
7.446323431376686131e+03 2.730077417412032988e-15
7.449323431376686131e+03 2.735571511291042777e-15
7.452323431376686131e+03 2.742115113786812950e-15
7.455323431376686131e+03 2.747099235863719218e-15
7.458323431376686131e+03 2.748673312787594969e-15
7.461323431376686131e+03 2.747104765245792432e-15
7.464323431376686131e+03 2.742152983851389780e-15
7.467323431376686131e+03 2.734981450321743090e-15
7.470323431376686131e+03 2.726465274498804688e-15
7.473323431376686131e+03 2.716750141946170136e-15
7.476323431376686131e+03 2.706665175456695581e-15
7.479323431376686131e+03 2.697118700745677250e-15
7.482323431376686131e+03 2.688417415093487198e-15
7.485323431376686131e+03 2.682315896707552655e-15
7.488323431376686131e+03 2.678812245342524024e-15
7.491323431376686131e+03 2.676822999015030868e-15
7.494323431376686131e+03 2.675850703055564124e-15
7.497323431376686131e+03 2.674893933368184071e-15
7.500323431376686131e+03 2.673262228235967751e-15
7.503323431376686131e+03 2.670724473456072321e-15
7.506323431376686131e+03 2.665905640355731265e-15
7.509323431376686131e+03 2.659096885588233784e-15
7.512323431376686131e+03 2.649863179954781950e-15
7.515323431376686131e+03 2.636306172132804513e-15
7.518323431376686131e+03 2.621681839295002600e-15
7.521323431376686131e+03 2.608765034911715513e-15
7.524323431376686131e+03 2.598615160263432303e-15
7.527323431376686131e+03 2.599545405884572064e-15
7.530323431376686131e+03 2.608519703193434460e-15
7.533323431376686131e+03 2.623975347199549448e-15
7.536323431376686131e+03 2.643771895944512646e-15
7.539323431376686131e+03 2.663440814430748896e-15
7.542323431376686131e+03 2.680631998732608546e-15
7.545323431376686131e+03 2.693489008348636537e-15
7.548323431376686131e+03 2.700081492038290375e-15
7.551323431376686131e+03 2.701641449642084332e-15
7.554323431376686131e+03 2.699169550216620928e-15
7.557323431376686131e+03 2.696697650791157129e-15
7.560323431376686131e+03 2.694225751365693330e-15
7.563323431376686131e+03 2.691753851940229926e-15
7.566323431376686131e+03 2.689281952514766127e-15
7.569323431376686131e+03 2.686810053089302328e-15
7.572323431376686131e+03 2.684338153663838924e-15
7.575323431376686131e+03 2.681866254238375125e-15
7.578323431376686131e+03 2.679394354812911326e-15
7.581323431376686131e+03 2.676922455387447921e-15
7.584323431376686131e+03 2.674450555961984123e-15
7.587323431376686131e+03 2.671978656536520324e-15
7.590323431376686131e+03 2.669506757111056919e-15
7.593323431376686131e+03 2.667034857685593121e-15
7.596323431376686131e+03 2.664562958260129322e-15
7.599323431376686131e+03 2.662091058834665917e-15
7.602323431376686131e+03 2.659619159409202119e-15
7.605323431376686131e+03 2.657147259983738714e-15
7.608323431376686131e+03 2.654675360558274915e-15
7.611323431376686131e+03 2.652203461132811116e-15
7.614323431376686131e+03 2.649731561707347712e-15
7.617323431376686131e+03 2.647259662281883913e-15
7.620323431376686131e+03 2.644787762856420114e-15
7.623323431376686131e+03 2.642315863430956710e-15
7.626323431376686131e+03 2.639843964005492911e-15
7.629323431376686131e+03 2.637372064580029112e-15
7.632323431376686131e+03 2.634900165154565708e-15
7.635323431376686131e+03 2.632428265729101909e-15
7.638323431376686131e+03 2.629956366303638110e-15
7.641323431376686131e+03 2.627484466878174706e-15
7.644323431376686131e+03 2.625012567452710907e-15
7.647323431376686131e+03 2.622540668027247108e-15
7.650323431376686131e+03 2.620068768601783704e-15
7.653323431376686131e+03 2.617596869176319905e-15
7.656323431376686131e+03 2.615124969750856106e-15
7.659323431376686131e+03 2.612653070325392702e-15
7.662323431376686131e+03 2.610181170899928903e-15
7.665323431376686131e+03 2.607709271474465498e-15
7.668323431376686131e+03 2.605237372049001700e-15
7.671323431376686131e+03 2.602765472623537901e-15
7.674323431376686131e+03 2.600293573198074496e-15
7.677323431376686131e+03 2.597821673772610697e-15
7.680323431376686131e+03 2.595349774347146899e-15
7.683323431376686131e+03 2.592877874921683494e-15
7.686323431376686131e+03 2.590405975496219695e-15
7.689323431376686131e+03 2.587934076070755897e-15
7.692323431376686131e+03 2.585462176645292492e-15
7.695323431376686131e+03 2.582990277219828693e-15
7.698323431376686131e+03 2.580518377794364894e-15
7.701323431376686131e+03 2.578046478368901490e-15
7.704323431376686131e+03 2.575574578943437691e-15
7.707323431376686131e+03 2.573102679517973892e-15
7.710323431376686131e+03 2.570630780092510488e-15
7.713323431376686131e+03 2.568158880667046689e-15
7.716323431376686131e+03 2.565686981241583285e-15
7.719323431376686131e+03 2.563215081816119486e-15
7.722323431376686131e+03 2.560743182390655687e-15
7.725323431376686131e+03 2.558271282965192283e-15
7.728323431376686131e+03 2.555799383539728484e-15
7.731323431376686131e+03 2.553327484114264685e-15
7.734323431376686131e+03 2.550855584688801281e-15
7.737323431376686131e+03 2.548383685263337482e-15
7.740323431376686131e+03 2.545911785837873683e-15
7.743323431376686131e+03 2.543439886412410278e-15
7.746323431376686131e+03 2.540967986986946480e-15
7.749323431376686131e+03 2.538496087561482681e-15
7.752323431376686131e+03 2.536024188136019276e-15
7.755323431376686131e+03 2.533552288710555478e-15
7.758323431376686131e+03 2.531080389285091679e-15
7.761323431376686131e+03 2.528608489859628274e-15
7.764323431376686131e+03 2.526136590434164476e-15
7.767323431376686131e+03 2.521742285686007065e-15
7.770323431376686131e+03 2.515391813316387127e-15
7.773323431376686131e+03 2.506313887978814100e-15
7.776323431376686131e+03 2.496068976379846049e-15
7.779323431376686131e+03 2.485508921171323775e-15
7.782323431376686131e+03 2.475080373912509005e-15
7.785323431376686131e+03 2.465778769983702360e-15
7.788323431376686131e+03 2.457024233629295272e-15
7.791323431376686131e+03 2.448800722111547675e-15
7.794323431376686131e+03 2.441422144764385143e-15
7.797323431376686131e+03 2.434689694094307002e-15
7.800323431376686131e+03 2.428233559561047191e-15
7.803323431376686131e+03 2.421767651379953923e-15
7.806323431376686131e+03 2.414639594676297042e-15
7.809323431376686131e+03 2.406341151659079954e-15
7.812323431376686131e+03 2.396757349495623640e-15
7.815323431376686131e+03 2.386392338812706439e-15
7.818323431376686131e+03 2.376643425030630359e-15
7.821323431376686131e+03 2.367963314302508633e-15
7.824323431376686131e+03 2.361695921121636004e-15
7.827323431376686131e+03 2.358294802533976861e-15
7.830323431376686131e+03 2.355906420843042545e-15
7.833323431376686131e+03 2.354073033748741822e-15
7.836323431376686131e+03 2.351402994551705495e-15
7.839323431376686131e+03 2.347031020344561045e-15
7.842323431376686131e+03 2.341233016190691496e-15
7.845323431376686131e+03 2.334358612368088439e-15
7.848323431376686131e+03 2.327154290783820060e-15
7.851323431376686131e+03 2.320246515537324738e-15
7.854323431376686131e+03 2.314065208483869516e-15
7.857323431376686131e+03 2.308222895882501195e-15
7.860323431376686131e+03 2.302107899447740404e-15
7.863323431376686131e+03 2.295547260921982069e-15
7.866323431376686131e+03 2.287621590469475574e-15
7.869323431376686131e+03 2.278608733203244248e-15
7.872323431376686131e+03 2.269151244462147511e-15
7.875323431376686131e+03 2.259693828716930698e-15
7.878323431376686131e+03 2.251110213773901076e-15
7.881323431376686131e+03 2.243558710775303888e-15
7.884323431376686131e+03 2.237197197074603461e-15
7.887323431376686131e+03 2.233372855093632386e-15
7.890323431376686131e+03 2.231690434576244927e-15
7.893323431376686131e+03 2.232314327118109467e-15
7.896323431376686131e+03 2.236591532927652583e-15
7.899323431376686131e+03 2.242406132298194779e-15
7.902323431376686131e+03 2.247930199534025571e-15
7.905323431376686131e+03 2.252574306127072645e-15
7.908323431376686131e+03 2.251854264706456692e-15
7.911323431376686131e+03 2.247405867025740692e-15
7.914323431376686131e+03 2.239970616368346567e-15
7.917323431376686131e+03 2.230406005222818316e-15
7.920323431376686131e+03 2.220694072991657023e-15
7.923323431376686131e+03 2.211877416714676379e-15
7.926323431376686131e+03 2.204683792677677380e-15
7.929323431376686131e+03 2.199477714205604855e-15
7.932323431376686131e+03 2.195557560120657626e-15
7.935323431376686131e+03 2.192938068400502912e-15
7.938323431376686131e+03 2.192282525863201320e-15
7.941323431376686131e+03 2.192824530748350507e-15
7.944323431376686131e+03 2.194093559788953155e-15
7.947323431376686131e+03 2.195951739956339112e-15
7.950323431376686131e+03 2.197858761429498405e-15
7.953323431376686131e+03 2.199367480180366480e-15
7.956323431376686131e+03 2.200321774704242540e-15
7.959323431376686131e+03 2.199708281372412000e-15
7.962323431376686131e+03 2.197406612064264162e-15
7.965323431376686131e+03 2.193441841684886262e-15
7.968323431376686131e+03 2.187092179614477570e-15
7.971323431376686131e+03 2.179276346982487575e-15
7.974323431376686131e+03 2.170941862439567920e-15
7.977323431376686131e+03 2.162295702010933885e-15
7.980323431376686131e+03 2.154237141531070743e-15
7.983323431376686131e+03 2.147274282084286771e-15
7.986323431376686131e+03 2.141563230331645254e-15
7.989323431376686131e+03 2.138068585520006370e-15
7.992323431376686131e+03 2.137929158765381571e-15
7.995323431376686131e+03 2.140124217110819204e-15
7.998323431376686131e+03 2.144684154816169392e-15
8.001323431376686131e+03 2.150396508511682787e-15
8.004323431376686131e+03 2.155656430646946267e-15
8.007323431376686131e+03 2.160091945366413670e-15
8.010323431376686131e+03 2.161982218791816603e-15
8.013323431376686131e+03 2.161882233835184878e-15
8.016323431376686131e+03 2.160176331664047450e-15
8.019323431376686131e+03 2.156615984608229842e-15
8.022323431376686131e+03 2.150226082632653815e-15
8.025323431376686131e+03 2.142986150718283929e-15
8.028323431376686131e+03 2.135251910914209905e-15
8.031323431376686131e+03 2.128332566086773384e-15
8.034323431376686131e+03 2.123648859004132441e-15
8.037323431376686131e+03 2.121092248522945034e-15
8.040323431376686131e+03 2.121459412083437335e-15
8.043323431376686131e+03 2.124179439483840262e-15
8.046323431376686131e+03 2.128200608352970881e-15
8.049323431376686131e+03 2.133388051765106349e-15
8.052323431376686131e+03 2.139614597157659643e-15
8.055323431376686131e+03 2.145026012072387294e-15
8.058323431376686131e+03 2.149241818249973870e-15
8.061323431376686131e+03 2.150852153101718881e-15
8.064323431376686131e+03 2.147563019871170319e-15
8.067323431376686131e+03 2.141232334916692601e-15
8.070323431376686131e+03 2.132047719245079066e-15
8.073323431376686131e+03 2.119990058565410641e-15
8.076323431376686131e+03 2.107313952780287406e-15
8.079323431376686131e+03 2.094235539647979795e-15
8.082323431376686131e+03 2.081272560271125505e-15
8.085323431376686131e+03 2.068507158696254985e-15
8.088323431376686131e+03 2.056082797704699113e-15
8.091323431376686131e+03 2.044201249602104612e-15
8.094323431376686131e+03 2.033425178823192754e-15
8.097323431376686131e+03 2.022885649290266592e-15
8.100323431376686131e+03 2.012446156254163898e-15
8.103323431376686131e+03 2.001669052957695338e-15
8.106323431376686131e+03 1.990050681048047407e-15
8.109323431376686131e+03 1.977763050855259582e-15
8.112323431376686131e+03 1.964721502836363023e-15
8.115323431376686131e+03 1.951075378502630957e-15
8.118323431376686131e+03 1.937025873914866797e-15
8.121323431376686131e+03 1.922627071808462816e-15
8.124323431376686131e+03 1.908637901376991984e-15
8.127323431376686131e+03 1.896222817997709859e-15
8.130323431376686131e+03 1.885692955376108310e-15
8.133323431376686131e+03 1.878554536002957852e-15
8.136323431376686131e+03 1.876384976265926731e-15
8.139323431376686131e+03 1.877274139312917413e-15
8.142323431376686131e+03 1.881013117063384423e-15
8.145323431376686131e+03 1.888707242844299901e-15
8.148323431376686131e+03 1.897702113367480426e-15
8.151323431376686131e+03 1.908232315227237916e-15
8.154323431376686131e+03 1.921795437001804186e-15
8.157323431376686131e+03 1.938978980087454294e-15
8.160323431376686131e+03 1.959504570864149352e-15
8.163323431376686131e+03 1.984140825508037252e-15
8.166323431376686131e+03 2.013443965410902175e-15
8.169323431376686131e+03 2.043674470455387627e-15
8.172323431376686131e+03 2.074266760500804274e-15
8.175323431376686131e+03 2.103388329304668763e-15
8.178323431376686131e+03 2.129338849991354691e-15
8.181323431376686131e+03 2.151448781970628288e-15
8.184323431376686131e+03 2.167499682028312332e-15
8.187323431376686131e+03 2.173294524896331679e-15
8.190323431376686131e+03 2.170002065369721536e-15
8.193323431376686131e+03 2.157453053079354659e-15
8.196323431376686131e+03 2.135747442429235343e-15
8.199323431376686131e+03 2.112237658073812108e-15
8.202323431376686131e+03 2.088859580200575638e-15
8.205323431376686131e+03 2.069054216463522752e-15
8.208323431376686131e+03 2.056546738759871662e-15
8.211323431376686131e+03 2.049603996667295473e-15
8.214323431376686131e+03 2.048385958137093217e-15
8.217323431376686131e+03 2.058888734561826860e-15
8.220323431376686131e+03 2.076670065812817297e-15
8.223323431376686131e+03 2.099983799413638864e-15
8.226323431376686131e+03 2.125710640976012896e-15
8.229323431376686131e+03 2.148128776041799574e-15
8.232323431376686131e+03 2.164561722844684784e-15
8.235323431376686131e+03 2.172096959616641692e-15
8.238323431376686131e+03 2.168607164709170717e-15
8.241323431376686131e+03 2.159728814370015196e-15
8.244323431376686131e+03 2.145934242298237158e-15
8.247323431376686131e+03 2.126655693845343617e-15
8.250323431376686131e+03 2.105079494630596922e-15
8.253323431376686131e+03 2.082567523326231503e-15
8.256323431376686131e+03 2.060003099564100885e-15
8.259323431376686131e+03 2.040507339900085032e-15
8.262323431376686131e+03 2.024432467198903617e-15
8.265323431376686131e+03 2.012022124445956871e-15
8.268323431376686131e+03 2.004650557833238751e-15
8.271323431376686131e+03 2.000522809087526466e-15
8.274323431376686131e+03 1.999212185486240451e-15
8.277323431376686131e+03 2.001360799179081462e-15
8.280323431376686131e+03 2.004218181042262343e-15
8.283323431376686131e+03 2.006022546482293445e-15
8.286323431376686131e+03 2.006106624295386273e-15
8.289323431376686131e+03 1.998578582221262788e-15
8.292323431376686131e+03 1.986104522120923189e-15
8.295323431376686131e+03 1.969357189018031694e-15
8.298323431376686131e+03 1.948264393522803353e-15
8.301323431376686131e+03 1.924512082874725701e-15
8.304323431376686131e+03 1.899482167234062226e-15
8.307323431376686131e+03 1.873539054268061170e-15
8.310323431376686131e+03 1.845332878525467729e-15
8.313323431376686131e+03 1.815664611705518423e-15
8.316323431376686131e+03 1.784595212435852121e-15
8.319323431376686131e+03 1.751791206569618427e-15
8.322323431376686131e+03 1.715551150271152822e-15
8.325323431376686131e+03 1.675814575679853023e-15
8.328323431376686131e+03 1.631308873714933636e-15
8.331323431376686131e+03 1.577441259674971578e-15
8.334323431376686131e+03 1.518128544117906528e-15
8.337323431376686131e+03 1.453858952017860751e-15
8.340323431376686131e+03 1.385313675550856394e-15
8.343323431376686131e+03 1.316177095591399112e-15
8.346323431376686131e+03 1.247480168038686565e-15
8.349323431376686131e+03 1.180835804805342498e-15
8.352323431376686131e+03 1.116912294435426075e-15
8.355323431376686131e+03 1.055401657557204297e-15
8.358323431376686131e+03 9.965131123797120506e-16
8.361323431376686131e+03 9.429040601586559583e-16
8.364323431376686131e+03 8.929611338714922825e-16
8.367323431376686131e+03 8.465799480559371527e-16
8.370323431376686131e+03 8.051600315184772191e-16
8.373323431376686131e+03 7.687638065633753864e-16
8.376323431376686131e+03 7.361671985538682748e-16
8.379323431376686131e+03 7.075869036993801679e-16
8.382323431376686131e+03 6.856252010408967745e-16
8.385323431376686131e+03 6.677284180880249004e-16
8.388323431376686131e+03 6.539116205595846105e-16
8.391323431376686131e+03 6.460258885424895654e-16
8.394323431376686131e+03 6.434745285703353065e-16
8.397323431376686131e+03 6.452048494337348622e-16
8.400323431376686131e+03 6.518458147962905708e-16
8.403323431376686131e+03 6.652946368809819939e-16
8.406323431376686131e+03 6.830202828048924243e-16
8.409323431376686131e+03 7.049862573378343831e-16
8.412323431376686131e+03 7.332886163220067130e-16
8.415323431376686131e+03 7.662316356875973256e-16
8.418323431376686131e+03 8.030620810296164194e-16
8.421323431376686131e+03 8.445392411695041910e-16
8.424323431376686131e+03 8.911467233854891613e-16
8.427323431376686131e+03 9.409765984935109281e-16
8.430323431376686131e+03 9.939227026159135384e-16
8.433323431376686131e+03 1.051477067491590363e-15
8.436323431376686131e+03 1.112334563688911833e-15
8.439323431376686131e+03 1.176266531985449219e-15
8.442323431376686131e+03 1.244243771962775459e-15
8.445323431376686131e+03 1.316113816682804892e-15
8.448323431376686131e+03 1.390525957450702380e-15
8.451323431376686131e+03 1.467395178781292161e-15
8.454323431376686131e+03 1.547017933367532641e-15
8.457323431376686131e+03 1.628139549906152322e-15
8.460323431376686131e+03 1.710022901580121523e-15
8.463323431376686131e+03 1.790275844617723461e-15
8.466323431376686131e+03 1.864161758249485290e-15
8.469323431376686131e+03 1.931038657488463464e-15
8.472323431376686131e+03 1.988434263855471956e-15
8.475323431376686131e+03 2.027965173825328306e-15
8.478323431376686131e+03 2.056263039253108717e-15
8.481323431376686131e+03 2.073302058773071627e-15
8.484323431376686131e+03 2.073050176267515670e-15
8.487323431376686131e+03 2.059356307934389683e-15
8.490323431376686131e+03 2.035314056624156918e-15
8.493323431376686131e+03 2.000020575578661818e-15
8.496323431376686131e+03 1.954321986567840746e-15
8.499323431376686131e+03 1.903917306423959483e-15
8.502323431376686131e+03 1.849585044389777682e-15
8.505323431376686131e+03 1.791542223617856837e-15
8.508323431376686131e+03 1.732326881016099644e-15
8.511323431376686131e+03 1.672572729121621508e-15
8.514323431376686131e+03 1.613202287751506454e-15
8.517323431376686131e+03 1.556215003875220807e-15
8.520323431376686131e+03 1.502447944498190751e-15
8.523323431376686131e+03 1.452580514839139167e-15
8.526323431376686131e+03 1.412178015830047102e-15
8.529323431376686131e+03 1.379004648572905337e-15
8.532323431376686131e+03 1.353107050343674896e-15
8.535323431376686131e+03 1.337525886370727484e-15
8.538323431376686131e+03 1.331403396737107094e-15
8.541323431376686131e+03 1.332507226557945796e-15
8.544323431376686131e+03 1.341499150187303743e-15
8.547323431376686131e+03 1.360348138343919696e-15
8.550323431376686131e+03 1.384016901984964075e-15
8.553323431376686131e+03 1.412034508578719727e-15
8.556323431376686131e+03 1.444652377880720723e-15
8.559323431376686131e+03 1.479308206869641267e-15
8.562323431376686131e+03 1.515528064663852119e-15
8.565323431376686131e+03 1.553462780847300801e-15
8.568323431376686131e+03 1.592838592625882796e-15
8.571323431376686131e+03 1.632897249096509589e-15
8.574323431376686131e+03 1.673548875327897089e-15
8.577323431376686131e+03 1.714821506622421875e-15
8.580323431376686131e+03 1.756423251653477167e-15
8.583323431376686131e+03 1.798258130240846826e-15
8.586323431376686131e+03 1.840277147224945618e-15
8.589323431376686131e+03 1.882957648739257649e-15
8.592323431376686131e+03 1.926459593717898118e-15
8.595323431376686131e+03 1.970928102712400608e-15
8.598323431376686131e+03 2.017434778751800826e-15
8.601323431376686131e+03 2.065353014054566943e-15
8.604323431376686131e+03 2.114752421738962472e-15
8.607323431376686131e+03 2.166468375653618765e-15
8.610323431376686131e+03 2.220519063696277794e-15
8.613323431376686131e+03 2.276850693196748559e-15
8.616323431376686131e+03 2.335974006227670346e-15
8.619323431376686131e+03 2.391215656888059124e-15
8.622323431376686131e+03 2.440303546187609174e-15
8.625323431376686131e+03 2.481718386639987310e-15
8.628323431376686131e+03 2.505723328834858962e-15
8.631323431376686131e+03 2.515970117721435738e-15
8.634323431376686131e+03 2.516660342438854300e-15
8.637323431376686131e+03 2.507918072915079170e-15
8.640323431376686131e+03 2.490857448365524850e-15
8.643323431376686131e+03 2.470802503961643471e-15
8.646323431376686131e+03 2.448606900732691179e-15
8.649323431376686131e+03 2.426673027895640855e-15
8.652323431376686131e+03 2.408039234517712646e-15
8.655323431376686131e+03 2.393511128501018646e-15
8.658323431376686131e+03 2.386137975089646278e-15
8.661323431376686131e+03 2.386805314166710726e-15
8.664323431376686131e+03 2.392809086719051065e-15
8.667323431376686131e+03 2.404056370984544285e-15
8.670323431376686131e+03 2.424214944129000826e-15
8.673323431376686131e+03 2.446819324953225589e-15
8.676323431376686131e+03 2.470398337676222033e-15
8.679323431376686131e+03 2.491654335627107124e-15
8.682323431376686131e+03 2.505154074514488602e-15
8.685323431376686131e+03 2.511031061680168324e-15
8.688323431376686131e+03 2.507778030823229462e-15
8.691323431376686131e+03 2.492006821092937419e-15
8.694323431376686131e+03 2.468978127621006214e-15
8.697323431376686131e+03 2.438884908747920174e-15
8.700323431376686131e+03 2.399296574220704805e-15
8.703323431376686131e+03 2.355307829029410789e-15
8.706323431376686131e+03 2.309413748957085953e-15
8.709323431376686131e+03 2.262870218961870080e-15
8.712323431376686131e+03 2.220300496121676704e-15
8.715323431376686131e+03 2.182106282550514857e-15
8.718323431376686131e+03 2.148817393804592679e-15
8.721323431376686131e+03 2.124927150567246723e-15
8.724323431376686131e+03 2.110086957966241342e-15
8.727323431376686131e+03 2.103057702958917780e-15
8.730323431376686131e+03 2.105677530255084467e-15
8.733323431376686131e+03 2.112754966520510225e-15
8.736323431376686131e+03 2.120099953791074099e-15
8.739323431376686131e+03 2.126564973439614866e-15
8.742323431376686131e+03 2.125077649493250979e-15
8.745323431376686131e+03 2.117675115515136250e-15
8.748323431376686131e+03 2.104412383868384333e-15
8.751323431376686131e+03 2.082667619153344396e-15
8.754323431376686131e+03 2.050972169768793822e-15
8.757323431376686131e+03 2.013025122397521037e-15
8.760323431376686131e+03 1.969165709893557017e-15
8.763323431376686131e+03 1.920247520416757234e-15
8.766323431376686131e+03 1.870608223110988316e-15
8.769323431376686131e+03 1.821089562013507365e-15
8.772323431376686131e+03 1.774719881865617579e-15
8.775323431376686131e+03 1.735701477335896532e-15
8.778323431376686131e+03 1.704259941473602051e-15
8.781323431376686131e+03 1.682890360012743606e-15
8.784323431376686131e+03 1.680863968145449876e-15
8.787323431376686131e+03 1.687684668592523435e-15
8.790323431376686131e+03 1.702233728136741477e-15
8.793323431376686131e+03 1.724174009857256051e-15
8.796323431376686131e+03 1.747065689418734148e-15
8.799323431376686131e+03 1.769423780694641899e-15
8.802323431376686131e+03 1.789313278403636303e-15
8.805323431376686131e+03 1.802882497415354599e-15
8.808323431376686131e+03 1.810044773003594259e-15
8.811323431376686131e+03 1.810105356659008987e-15
8.814323431376686131e+03 1.797047361801544886e-15
8.817323431376686131e+03 1.777855273853363975e-15
8.820323431376686131e+03 1.753714726999560634e-15
8.823323431376686131e+03 1.724628721013116721e-15
8.826323431376686131e+03 1.693730168254946574e-15
8.829323431376686131e+03 1.662694375124661920e-15
8.832323431376686131e+03 1.632071363000170812e-15
8.835323431376686131e+03 1.605292261160572052e-15
8.838323431376686131e+03 1.582595217346190852e-15
8.841323431376686131e+03 1.564363596134867709e-15
8.844323431376686131e+03 1.553676530006559051e-15
8.847323431376686131e+03 1.550816551647975843e-15
8.850323431376686131e+03 1.554544869271756867e-15
8.853323431376686131e+03 1.565967439297845904e-15
8.856323431376686131e+03 1.587558626317527633e-15
8.859323431376686131e+03 1.612588029713881924e-15
8.862323431376686131e+03 1.640149823631529530e-15
8.865323431376686131e+03 1.668100408387862903e-15
8.868323431376686131e+03 1.692483054838350848e-15
8.871323431376686131e+03 1.713680801063872337e-15
8.874323431376686131e+03 1.730810484827624946e-15
8.877323431376686131e+03 1.741848458961097379e-15
8.880323431376686131e+03 1.748867419714196314e-15
8.883323431376686131e+03 1.751765399183216875e-15
8.886323431376686131e+03 1.746420282648640165e-15
8.889323431376686131e+03 1.734358345003180437e-15
8.892323431376686131e+03 1.715614145588343437e-15
8.895323431376686131e+03 1.687100809192028341e-15
8.898323431376686131e+03 1.649563577146519390e-15
8.901323431376686131e+03 1.610034066780332363e-15
8.904323431376686131e+03 1.570409470501956443e-15
8.907323431376686131e+03 1.538891689465961023e-15
8.910323431376686131e+03 1.517918746054889307e-15
8.913323431376686131e+03 1.506258423088306069e-15
8.916323431376686131e+03 1.503904672465252836e-15
8.919323431376686131e+03 1.506991539279144405e-15
8.922323431376686131e+03 1.511855219435658917e-15
8.925323431376686131e+03 1.516998669005552714e-15
8.928323431376686131e+03 1.522334038667252525e-15
8.931323431376686131e+03 1.528206860802789832e-15
8.934323431376686131e+03 1.534711089335665172e-15
8.937323431376686131e+03 1.542444269335111242e-15
8.940323431376686131e+03 1.550595353819858603e-15
8.943323431376686131e+03 1.557985797559074310e-15
8.946323431376686131e+03 1.563257233868139010e-15
8.949323431376686131e+03 1.563679309389280971e-15
8.952323431376686131e+03 1.559823544784092640e-15
8.955323431376686131e+03 1.551500050160577033e-15
8.958323431376686131e+03 1.536695785350558222e-15
8.961323431376686131e+03 1.517854752968727478e-15
8.964323431376686131e+03 1.495390945318006649e-15
8.967323431376686131e+03 1.468271130491228110e-15
8.970323431376686131e+03 1.440064782980710439e-15
8.973323431376686131e+03 1.413500572836750608e-15
8.976323431376686131e+03 1.389590494575653649e-15
8.979323431376686131e+03 1.376087884585932264e-15
8.982323431376686131e+03 1.370726814610810021e-15
8.985323431376686131e+03 1.372616160562104720e-15
8.988323431376686131e+03 1.382542837390976919e-15
8.991323431376686131e+03 1.398484938974493736e-15
8.994323431376686131e+03 1.417686384015864297e-15
8.997323431376686131e+03 1.439575404394363137e-15
9.000323431376686131e+03 1.466024182816148179e-15
9.003323431376686131e+03 1.494799269155683638e-15
9.006323431376686131e+03 1.525925281308014990e-15
9.009323431376686131e+03 1.560765649858597976e-15
9.012323431376686131e+03 1.594995075116746467e-15
9.015323431376686131e+03 1.626920277875055207e-15
9.018323431376686131e+03 1.654364410258355615e-15
9.021323431376686131e+03 1.670767566600286363e-15
9.024323431376686131e+03 1.678647596444367449e-15
9.027323431376686131e+03 1.677943645522410849e-15
9.030323431376686131e+03 1.665725285761273662e-15
9.033323431376686131e+03 1.646014012859510702e-15
9.036323431376686131e+03 1.620249164952967523e-15
9.039323431376686131e+03 1.587693385531762608e-15
9.042323431376686131e+03 1.553030212853460839e-15
9.045323431376686131e+03 1.519495485133192620e-15
9.048323431376686131e+03 1.488179363170362925e-15
9.051323431376686131e+03 1.467349686649361353e-15
9.054323431376686131e+03 1.453347109706223631e-15
9.057323431376686131e+03 1.445575632171259682e-15
9.060323431376686131e+03 1.445492089733589213e-15
9.063323431376686131e+03 1.451992901203799398e-15
9.066323431376686131e+03 1.462514001071894381e-15
9.069323431376686131e+03 1.476761438518094316e-15
9.072323431376686131e+03 1.494168627665513501e-15
9.075323431376686131e+03 1.511791365862516068e-15
9.078323431376686131e+03 1.529108127865882616e-15
9.081323431376686131e+03 1.544142344846257373e-15
9.084323431376686131e+03 1.553689685941223933e-15
9.087323431376686131e+03 1.557652748261336440e-15
9.090323431376686131e+03 1.554154675302145921e-15
9.093323431376686131e+03 1.535990454733292887e-15
9.096323431376686131e+03 1.509913386160500079e-15
9.099323431376686131e+03 1.476601068992046761e-15
9.102323431376686131e+03 1.435617707081201500e-15
9.105323431376686131e+03 1.392085148282621008e-15
9.108323431376686131e+03 1.347547749779581403e-15
9.111323431376686131e+03 1.303460568769829971e-15
9.114323431376686131e+03 1.262517326831900428e-15
9.117323431376686131e+03 1.225234918053747316e-15
9.120323431376686131e+03 1.192188056509156690e-15
9.123323431376686131e+03 1.168554589482457142e-15
9.126323431376686131e+03 1.152304421634135425e-15
9.129323431376686131e+03 1.143209642213724703e-15
9.132323431376686131e+03 1.144166502575820627e-15
9.135323431376686131e+03 1.157507829767261721e-15
9.138323431376686131e+03 1.177632092942096964e-15
9.141323431376686131e+03 1.203586949971555112e-15
9.144323431376686131e+03 1.232594932450412674e-15
9.147323431376686131e+03 1.258788026772913263e-15
9.150323431376686131e+03 1.281585736257046267e-15
9.153323431376686131e+03 1.297848818388152059e-15
9.156323431376686131e+03 1.311884878726886612e-15
9.159323431376686131e+03 1.325227081088954809e-15
9.162323431376686131e+03 1.338647175128093740e-15
9.165323431376686131e+03 1.355933460818913838e-15
9.168323431376686131e+03 1.372514240742804757e-15
9.171323431376686131e+03 1.387600261705690884e-15
9.174323431376686131e+03 1.397965781644004354e-15
9.177323431376686131e+03 1.400282825106746322e-15
9.180323431376686131e+03 1.397602625796798415e-15
9.183323431376686131e+03 1.391184389964456349e-15
9.186323431376686131e+03 1.386460641687324502e-15
9.189323431376686131e+03 1.386671702573232519e-15
9.192323431376686131e+03 1.392959610321639624e-15
9.195323431376686131e+03 1.410943814231489645e-15
9.198323431376686131e+03 1.433074695615661342e-15
9.201323431376686131e+03 1.458139740729513037e-15
9.204323431376686131e+03 1.485267117470536538e-15
9.207323431376686131e+03 1.510868783076987320e-15
9.210323431376686131e+03 1.535339392816063755e-15
9.213323431376686131e+03 1.558658677876035410e-15
9.216323431376686131e+03 1.578865341330928655e-15
9.219323431376686131e+03 1.596817329147182462e-15
9.222323431376686131e+03 1.612214423921370184e-15
9.225323431376686131e+03 1.623048681031284228e-15
9.228323431376686131e+03 1.628627043484432086e-15
9.231323431376686131e+03 1.629539926570232229e-15
9.234323431376686131e+03 1.624878704306733974e-15
9.237323431376686131e+03 1.612714040360102768e-15
9.240323431376686131e+03 1.597680460580369579e-15
9.243323431376686131e+03 1.580343863665938442e-15
9.246323431376686131e+03 1.561710973558646317e-15
9.249323431376686131e+03 1.544378003682951187e-15
9.252323431376686131e+03 1.527332220079792201e-15
9.255323431376686131e+03 1.509706713027978522e-15
9.258323431376686131e+03 1.490241521682034915e-15
9.261323431376686131e+03 1.467987299222524635e-15
9.264323431376686131e+03 1.442864353963693097e-15
9.267323431376686131e+03 1.416936407991293856e-15
9.270323431376686131e+03 1.393374226680289335e-15
9.273323431376686131e+03 1.373331564110103059e-15
9.276323431376686131e+03 1.360358686744634840e-15
9.279323431376686131e+03 1.355050852844625763e-15
9.282323431376686131e+03 1.352334321111800679e-15
9.285323431376686131e+03 1.351027854416998833e-15
9.288323431376686131e+03 1.347345225655501765e-15
9.291323431376686131e+03 1.339249373896129317e-15
9.294323431376686131e+03 1.327133450961539108e-15
9.297323431376686131e+03 1.310421971693497544e-15
9.300323431376686131e+03 1.289826538437246755e-15
9.303323431376686131e+03 1.266400655818025595e-15
9.306323431376686131e+03 1.240001352162328865e-15
9.309323431376686131e+03 1.212719240278871649e-15
9.312323431376686131e+03 1.187024615421570488e-15
9.315323431376686131e+03 1.163780758800480206e-15
9.318323431376686131e+03 1.147626123963953456e-15
9.321323431376686131e+03 1.138294015982572278e-15
9.324323431376686131e+03 1.133646839357353841e-15
9.327323431376686131e+03 1.133554618029194920e-15
9.330323431376686131e+03 1.137727949974661812e-15
9.333323431376686131e+03 1.143694767862217300e-15
9.336323431376686131e+03 1.151451039520628964e-15
9.339323431376686131e+03 1.164116014721289525e-15
9.342323431376686131e+03 1.181180147637901928e-15
9.345323431376686131e+03 1.202143687293707521e-15
9.348323431376686131e+03 1.228055537702814261e-15
9.351323431376686131e+03 1.262106827175988095e-15
9.354323431376686131e+03 1.302683573800512387e-15
9.357323431376686131e+03 1.350196007460700585e-15
9.360323431376686131e+03 1.413761541882333389e-15
9.363323431376686131e+03 1.473328146179624298e-15
9.366323431376686131e+03 1.527946560429655396e-15
9.369323431376686131e+03 1.572951126314210166e-15
9.372323431376686131e+03 1.601153816816728224e-15
9.375323431376686131e+03 1.619971957921488003e-15
9.378323431376686131e+03 1.630742209596041040e-15
