3.694610778443113759e+03 4.808561862349008318e-15
3.697610778443113759e+03 5.196293628915967866e-15
3.700610778443113759e+03 5.348131848148685505e-15
3.703610778443113759e+03 5.106650938282099273e-15
3.706610778443113759e+03 5.376207603899387857e-15
3.709610778443113759e+03 5.589151958002894641e-15
3.712610778443113759e+03 5.862935657630701002e-15
3.715610778443113759e+03 6.237686377122736006e-15
3.718610778443113759e+03 6.661659308501296401e-15
3.721610778443113759e+03 7.534990299867575240e-15
3.724610778443113759e+03 7.726970154578357969e-15
3.727610778443113759e+03 7.929575230735222932e-15
3.730610778443113759e+03 8.152181554597702618e-15
3.733610778443113759e+03 8.270022662082146040e-15
3.736610778443113759e+03 8.294497685768556223e-15
3.739610778443113759e+03 8.860954199937663995e-15
3.742610778443113759e+03 8.829641898053089798e-15
3.745610778443113759e+03 8.888776911217002355e-15
3.748610778443113759e+03 8.901418058423331069e-15
3.751610778443113759e+03 8.988717964746986495e-15
3.754610778443113759e+03 9.244731494396374256e-15
3.757610778443113759e+03 9.325859908531507479e-15
3.760610778443113759e+03 9.855137450685182398e-15
3.763610778443113759e+03 9.500262835653627821e-15
3.766610778443113759e+03 9.245376077296464303e-15
3.769610778443113759e+03 8.906205635342074558e-15
3.772610778443113759e+03 8.767031291282267918e-15
3.775610778443113759e+03 8.405498452908271505e-15
3.778610778443113759e+03 8.558311941338874914e-15
3.781610778443113759e+03 8.228589073002048073e-15
3.784610778443113759e+03 7.799868709517337532e-15
3.787610778443113759e+03 7.775081374289781294e-15
3.790610778443113759e+03 7.780942220497940216e-15
3.793610778443113759e+03 7.415532386150576099e-15
3.796610778443113759e+03 7.262521631288420512e-15
3.799610778443113759e+03 7.271819592453965601e-15
3.802610778443113759e+03 7.366657023131677038e-15
3.805610778443113759e+03 7.271025570412268322e-15
3.808610778443113759e+03 7.076867045956455880e-15
3.811610778443113759e+03 7.055697769414508478e-15
3.814610778443113759e+03 7.222906980888516333e-15
3.817610778443113759e+03 7.407416332089499902e-15
3.820610778443113759e+03 6.557829984922777923e-15
3.823610778443113759e+03 7.070403742007879762e-15
3.826610778443113759e+03 6.906448131165862641e-15
3.829610778443113759e+03 6.610105531903575457e-15
3.832610778443113759e+03 6.411559924608586558e-15
3.835610778443113759e+03 6.363895682189492828e-15
3.838610778443113759e+03 6.288142482256643120e-15
3.841610778443113759e+03 5.918219460211286387e-15
3.844610778443113759e+03 5.475555763670277271e-15
3.847610778443113759e+03 5.222502740938337682e-15
3.850610778443113759e+03 5.029276582516262143e-15
3.853610778443113759e+03 4.707628673008353189e-15
3.856610778443113759e+03 4.449214875566589368e-15
3.859610778443113759e+03 4.134840544981221811e-15
3.862610778443113759e+03 4.126893561048634026e-15
3.865610778443113759e+03 3.815166954343511319e-15
3.868610778443113759e+03 3.777543024173124374e-15
3.871610778443113759e+03 3.948948747799906213e-15
3.874610778443113759e+03 4.084763272481500757e-15
3.877610778443113759e+03 4.177688392721644023e-15
3.880610778443113759e+03 4.242260840725400475e-15
3.883610778443113759e+03 4.250555938222673631e-15
3.886610778443113759e+03 4.273007877448929515e-15
3.889610778443113759e+03 4.361474061817844274e-15
3.892610778443113759e+03 4.576029389842728392e-15
3.895610778443113759e+03 4.348728852156436653e-15
3.898610778443113759e+03 4.358162058154625006e-15
3.901610778443113759e+03 4.632582645264933757e-15
3.904610778443113759e+03 4.871571818050746854e-15
3.907610778443113759e+03 5.190363734490319644e-15
3.910610778443113759e+03 5.471949565710190352e-15
3.913610778443113759e+03 5.915302102786156644e-15
3.916610778443113759e+03 6.461454866941445082e-15
3.919610778443113759e+03 7.149654635116569662e-15
3.922610778443113759e+03 7.662563078427003320e-15
3.925610778443113759e+03 8.069067939022550420e-15
3.928610778443113759e+03 8.822835989306933174e-15
3.931610778443113759e+03 8.867018547464624451e-15
3.934610778443113759e+03 9.881009590290610910e-15
3.937610778443113759e+03 1.046799373284273131e-14
3.940610778443113759e+03 1.065247439239203779e-14
3.943610778443113759e+03 1.067393236622045444e-14
3.946610778443113759e+03 1.095671106161394030e-14
3.949610778443113759e+03 1.095127288810970116e-14
3.952610778443113759e+03 1.113011297906484403e-14
3.955610778443113759e+03 1.113938433056143939e-14
3.958610778443113759e+03 1.088752267504536914e-14
3.961610778443113759e+03 1.096366556468770903e-14
3.964610778443113759e+03 1.064812490841973555e-14
3.967610778443113759e+03 1.050541332158156657e-14
3.970610778443113759e+03 1.079908744506598327e-14
3.973610778443113759e+03 1.067090521266773643e-14
3.976610778443113759e+03 1.065903701342148251e-14
3.979610778443113759e+03 1.074871358102671945e-14
3.982610778443113759e+03 1.037049874722951046e-14
3.985610778443113759e+03 9.873575880558678934e-15
3.988610778443113759e+03 9.826890528180915669e-15
3.991610778443113759e+03 9.898819044905129579e-15
3.994610778443113759e+03 9.604289998010403373e-15
3.997610778443113759e+03 9.285726695756912949e-15
4.000610778443113759e+03 8.786964829207703034e-15
4.003610778443113759e+03 8.675146632692825985e-15
4.006610778443113759e+03 8.711838621299725875e-15
4.009610778443113759e+03 8.688472438559342090e-15
4.012610778443113759e+03 8.437871507458633819e-15
4.015610778443113759e+03 8.095309683004083551e-15
4.018610778443113759e+03 8.035174323793888453e-15
4.021610778443113759e+03 7.719991891861761333e-15
4.024610778443113759e+03 7.104691663769449937e-15
4.027610778443113759e+03 7.124232811864105621e-15
4.030610778443113759e+03 7.037607145786351644e-15
4.033610778443113759e+03 6.803265673117800557e-15
4.036610778443113759e+03 6.788384981681531140e-15
4.039610778443113759e+03 6.776479902273803245e-15
4.042610778443113759e+03 6.592441881539876157e-15
4.045610778443113759e+03 6.766222234672995973e-15
4.048610778443113759e+03 6.709440168487109528e-15
4.051610778443113759e+03 7.131053695164684877e-15
4.054610778443113759e+03 7.704750745590524194e-15
4.057610778443113759e+03 8.120072584707232966e-15
4.060610778443113759e+03 8.126375243371055275e-15
4.063610778443113759e+03 8.298147954399488833e-15
4.066610778443113759e+03 8.344966833756073806e-15
4.069610778443113759e+03 8.556723597728839551e-15
4.072610778443113759e+03 8.488266708209511335e-15
4.075610778443113759e+03 8.557390602789874327e-15
4.078610778443113759e+03 8.639969928507879722e-15
4.081610778443113759e+03 8.805065236341259359e-15
4.084610778443113759e+03 8.820930993283158781e-15
4.087610778443113759e+03 8.907343068191331604e-15
4.090610778443113759e+03 9.022047660754773801e-15
4.093610778443113759e+03 8.975023842140274047e-15
4.096610778443113304e+03 8.566822932992989653e-15
4.099610778443113304e+03 8.339580668711426078e-15
4.102610778443113304e+03 8.210281184496879849e-15
4.105610778443113304e+03 8.178476072166299847e-15
4.108610778443113304e+03 8.075118251089283273e-15
4.111610778443113304e+03 7.897663076082333005e-15
4.114610778443113304e+03 7.801332878248763868e-15
4.117610778443113304e+03 7.615473994406531996e-15
4.120610778443113304e+03 7.572033716352680523e-15
4.123610778443113304e+03 7.606094600806362243e-15
4.126610778443113304e+03 7.936668334979940794e-15
4.129610778443113304e+03 7.926145256969206351e-15
4.132610778443113304e+03 8.183790983485946586e-15
4.135610778443113304e+03 8.274197622618813756e-15
4.138610778443113304e+03 8.330743903313060637e-15
4.141610778443113304e+03 8.274778297339345954e-15
4.144610778443113304e+03 8.390882461063780444e-15
4.147610778443113304e+03 8.130171963515298079e-15
4.150610778443113304e+03 7.938799980412806519e-15
4.153610778443113304e+03 7.981764451067237831e-15
4.156610778443113304e+03 7.927065873611145295e-15
4.159610778443113304e+03 7.708764283601106915e-15
4.162610778443113304e+03 7.719739827990381892e-15
4.165610778443113304e+03 7.421256206952296743e-15
4.168610778443113304e+03 7.227658086964540482e-15
4.171610778443113304e+03 6.849320635288360729e-15
4.174610778443113304e+03 6.931084730461122868e-15
4.177610778443113304e+03 6.981287574841809656e-15
4.180610778443113304e+03 7.004462339789966377e-15
4.183610778443113304e+03 7.184329949416858774e-15
4.186610778443113304e+03 7.521162127824890919e-15
4.189610778443113304e+03 7.470104196174099227e-15
4.192610778443113304e+03 7.608846363397713493e-15
4.195610778443113304e+03 7.434699573476607013e-15
4.198610778443113304e+03 7.577003726555166679e-15
4.201610778443113304e+03 7.582854868871516782e-15
4.204610778443113304e+03 7.599454155711461128e-15
4.207610778443113304e+03 7.531916936763631166e-15
4.210610778443113304e+03 7.447148614901471848e-15
4.213610778443113304e+03 7.301928221460666916e-15
4.216610778443113304e+03 7.146523155076691714e-15
4.219610778443113304e+03 7.049546530315602118e-15
4.222610778443113304e+03 6.633412453804068129e-15
4.225610778443113304e+03 6.373257593112508474e-15
4.228610778443113304e+03 6.176537418359630455e-15
4.231610778443113304e+03 6.165208591701743472e-15
4.234610778443113304e+03 6.124537573355555904e-15
4.237610778443113304e+03 5.801377825298411101e-15
4.240610778443113304e+03 5.671028619671609458e-15
4.243610778443113304e+03 5.962348695955019250e-15
4.246610778443113304e+03 5.695867342099059950e-15
4.249610778443113304e+03 5.879763900151039257e-15
4.252610778443113304e+03 5.626951946865554377e-15
4.255610778443113304e+03 5.959539177688844182e-15
4.258610778443113304e+03 5.522575971217317920e-15
4.261610778443113304e+03 5.487804077759374515e-15
4.264610778443113304e+03 5.417172526944609150e-15
4.267610778443113304e+03 5.480337334986209836e-15
4.270610778443113304e+03 5.448862500620679999e-15
4.273610778443113304e+03 5.392477703203666721e-15
4.276610778443113304e+03 5.506568326977752550e-15
4.279610778443113304e+03 5.749652743647693769e-15
4.282610778443113304e+03 5.993358314520092854e-15
4.285610778443113304e+03 6.109545055679660617e-15
4.288610778443113304e+03 6.341252017003884862e-15
4.291610778443113304e+03 6.755569366075320318e-15
4.294610778443113304e+03 7.188959785522078411e-15
4.297610778443113304e+03 7.404772209543927381e-15
4.300610778443113304e+03 7.680067753598135585e-15
4.303610778443113304e+03 8.067893702614142611e-15
4.306610778443113304e+03 8.165226634744404501e-15
4.309610778443113304e+03 8.316953592427778332e-15
4.312610778443113304e+03 8.216385870639314311e-15
4.315610778443113304e+03 8.463881728602133221e-15
4.318610778443113304e+03 8.313881478614192117e-15
4.321610778443113304e+03 8.249016551504259841e-15
4.324610778443113304e+03 8.259388224408516644e-15
4.327610778443113304e+03 8.406396991080651913e-15
4.330610778443113304e+03 8.570493853154460162e-15
4.333610778443113304e+03 8.428560978452525146e-15
4.336610778443113304e+03 8.417290328767954566e-15
4.339610778443113304e+03 8.491373365498918187e-15
4.342610778443113304e+03 8.554388282011375281e-15
4.345610778443113304e+03 8.513815971232587967e-15
4.348610778443113304e+03 8.795932977578933407e-15
4.351610778443113304e+03 8.733980275398398351e-15
4.354610778443113304e+03 8.504784408904105078e-15
4.357610778443113304e+03 8.330710656399617444e-15
4.360610778443113304e+03 8.112654838860464896e-15
4.363610778443113304e+03 8.384331872509165345e-15
4.366610778443113304e+03 8.293930266390212933e-15
4.369610778443113304e+03 8.259704247940328860e-15
4.372610778443113304e+03 8.133641858693256475e-15
4.375610778443113304e+03 8.140805330062923389e-15
4.378610778443113304e+03 8.255726254153368868e-15
4.381610778443113304e+03 8.016911503768578728e-15
4.384610778443113304e+03 8.061468569917750091e-15
4.387610778443113304e+03 8.068167225678786428e-15
4.390610778443113304e+03 7.883907954225363366e-15
4.393610778443113304e+03 7.889043369008233305e-15
4.396610778443113304e+03 7.623288067681616312e-15
4.399610778443113304e+03 7.672534485334899101e-15
4.402610778443113304e+03 7.740776721848904707e-15
4.405610778443113304e+03 7.216861736373077854e-15
4.408610778443113304e+03 7.092508502019871272e-15
4.411610778443113304e+03 6.899024781214062221e-15
4.414610778443113304e+03 6.636954102880736172e-15
4.417610778443113304e+03 6.220976091351566709e-15
4.420610778443113304e+03 6.072104532628467353e-15
4.423610778443113304e+03 5.975790514153054404e-15
4.426610778443113304e+03 5.753860661403149121e-15
4.429610778443113304e+03 5.837215215510821251e-15
4.432610778443113304e+03 5.709502419758108173e-15
4.435610778443113304e+03 5.697383445579158473e-15
4.438610778443113304e+03 5.720524578037800084e-15
4.441610778443113304e+03 5.724460351709154589e-15
4.444610778443113304e+03 5.663927418625867597e-15
4.447610778443113304e+03 5.408968527785255930e-15
4.450610778443113304e+03 5.363280224138101433e-15
4.453610778443113304e+03 5.329082134830688183e-15
4.456610778443113304e+03 5.520355760703441870e-15
4.459610778443113304e+03 5.470212712988796461e-15
4.462610778443113304e+03 5.538715842793744742e-15
4.465610778443113304e+03 5.325074120724724558e-15
4.468610778443113304e+03 5.332161892898117890e-15
4.471610778443113304e+03 5.477509572059350793e-15
4.474610778443113304e+03 5.336926572911088783e-15
4.477610778443113304e+03 5.328893142300773500e-15
4.480610778443113304e+03 5.309105868584916810e-15
4.483610778443113304e+03 5.364101622624702972e-15
4.486610778443113304e+03 5.458944775271052845e-15
4.489610778443113304e+03 5.421199959215836586e-15
4.492610778443113304e+03 5.443880077542542486e-15
4.495610778443113304e+03 5.623610274443390626e-15
4.498610778443113304e+03 5.706592490507388875e-15
4.501610778443113304e+03 5.836879834870697343e-15
4.504610778443113304e+03 5.975419982960895907e-15
4.507610778443113304e+03 5.927473050895336912e-15
4.510610778443113304e+03 5.955758798064415174e-15
4.513610778443113304e+03 5.890148035501076589e-15
4.516610778443113304e+03 5.991517099970801606e-15
4.519610778443113304e+03 6.273773775033969428e-15
4.522610778443113304e+03 6.484030737711039261e-15
4.525610778443113304e+03 6.692932298110713684e-15
4.528610778443113304e+03 6.936987288928379431e-15
4.531610778443113304e+03 7.208222529441599827e-15
4.534610778443113304e+03 7.380268687587162973e-15
4.537610778443113304e+03 7.672396320797650062e-15
4.540610778443113304e+03 7.847000409660237445e-15
4.543610778443113304e+03 7.821112641654885142e-15
4.546610778443113304e+03 7.889080270948130290e-15
4.549610778443113304e+03 7.977923691817025331e-15
4.552610778443113304e+03 7.858426968719271632e-15
4.555610778443113304e+03 7.983497638144371258e-15
4.558610778443113304e+03 7.885223632830469318e-15
4.561610778443113304e+03 7.532214508896984067e-15
4.564610778443113304e+03 7.752949699299354988e-15
4.567610778443113304e+03 7.760006189773444222e-15
4.570610778443113304e+03 7.834462389366452663e-15
4.573610778443113304e+03 7.877505812119612110e-15
4.576610778443113304e+03 8.025487103156415405e-15
4.579610778443113304e+03 8.224772520958129227e-15
4.582610778443113304e+03 8.092740033873042608e-15
4.585610778443113304e+03 8.252564022763597676e-15
4.588610778443113304e+03 8.243232076853303329e-15
4.591610778443113304e+03 8.180438255700647697e-15
4.594610778443113304e+03 8.230525261225495531e-15
4.597610778443113304e+03 8.168261795417633612e-15
4.600610778443113304e+03 8.147529478170936237e-15
4.603610778443113304e+03 8.172938312993328903e-15
4.606610778443113304e+03 8.136209349675576069e-15
4.609610778443113304e+03 8.125414252285126176e-15
4.612610778443113304e+03 8.159580837626770144e-15
4.615610778443113304e+03 8.240018888777711635e-15
4.618610778443113304e+03 7.870468638595423418e-15
4.621610778443113304e+03 7.932602635373643848e-15
4.624610778443113304e+03 8.009569917885413103e-15
4.627610778443113304e+03 8.035948563885050241e-15
4.630610778443113304e+03 7.809898592630039791e-15
4.633610778443113304e+03 7.633618669234154727e-15
4.636610778443113304e+03 7.681896964944424949e-15
4.639610778443113304e+03 7.564430174349235214e-15
4.642610778443113304e+03 7.636762472434759445e-15
4.645610778443113304e+03 7.410633066056985774e-15
4.648610778443113304e+03 7.142218284811024264e-15
4.651610778443113304e+03 7.251401140043844146e-15
4.654610778443113304e+03 7.213536790017036884e-15
4.657610778443113304e+03 6.924015479584097614e-15
4.660610778443113304e+03 6.627691328877302606e-15
4.663610778443113304e+03 6.868513848818612317e-15
4.666610778443113304e+03 6.832560678038473508e-15
4.669610778443113304e+03 6.790711854694650007e-15
4.672610778443113304e+03 6.586641223907652326e-15
4.675610778443113304e+03 6.772751707579642948e-15
4.678610778443113304e+03 6.765120755638728478e-15
4.681610778443113304e+03 6.382737546796945964e-15
4.684610778443113304e+03 6.537261864937767266e-15
4.687610778443113304e+03 6.564192496633551292e-15
4.690610778443113304e+03 6.494881296819899055e-15
4.693610778443113304e+03 6.716723361126639507e-15
4.696610778443113304e+03 6.751937814697718972e-15
4.699610778443113304e+03 6.553636042928505353e-15
4.702610778443113304e+03 6.357927918648781388e-15
4.705610778443113304e+03 6.419796497618532810e-15
4.708610778443113304e+03 6.562690896373523575e-15
4.711610778443113304e+03 6.397349834369759835e-15
4.714610778443113304e+03 6.360773770380955454e-15
4.717610778443113304e+03 6.418218098625686703e-15
4.720610778443113304e+03 6.245771040474446518e-15
4.723610778443113304e+03 6.013742811953451588e-15
4.726610778443113304e+03 5.997553236229532818e-15
4.729610778443113304e+03 5.670472653777165743e-15
4.732610778443113304e+03 5.590898095865532406e-15
4.735610778443113304e+03 5.373678022199833835e-15
4.738610778443113304e+03 5.155237469523712794e-15
4.741610778443113304e+03 4.968780910373859411e-15
4.744610778443113304e+03 4.768448736165079557e-15
4.747610778443113304e+03 4.747905999089539543e-15
4.750610778443113304e+03 4.650216688654163717e-15
4.753610778443113304e+03 4.570614346581455823e-15
4.756610778443113304e+03 4.356530375431350468e-15
4.759610778443113304e+03 4.173991327610893299e-15
4.762610778443113304e+03 4.027251751689356470e-15
4.765610778443113304e+03 3.774518403824718675e-15
4.768610778443113304e+03 3.672818947321817802e-15
4.771610778443113304e+03 3.552234304630660997e-15
4.774610778443113304e+03 3.639553527329517200e-15
4.777610778443113304e+03 3.709028580628627184e-15
4.780610778443113304e+03 3.696273205382798524e-15
4.783610778443113304e+03 3.749511222354234911e-15
4.786610778443113304e+03 4.179067569204512592e-15
4.789610778443113304e+03 4.346892927753141306e-15
4.792610778443113304e+03 4.705887062094488980e-15
4.795610778443113304e+03 5.290663635578393609e-15
4.798610778443113304e+03 5.883870253628461828e-15
4.801610778443113304e+03 6.276290981336597692e-15
4.804610778443113304e+03 6.534587258615805539e-15
4.807610778443113304e+03 7.160765253676602079e-15
4.810610778443113304e+03 7.575142577323104445e-15
4.813610778443113304e+03 7.601427381472571999e-15
4.816610778443113304e+03 7.964489085300109843e-15
4.819610778443113304e+03 8.205537694717912840e-15
4.822610778443113304e+03 8.234791843823156307e-15
4.825610778443113304e+03 8.128124639643468775e-15
4.828610778443113304e+03 8.028297627776139922e-15
4.831610778443113304e+03 8.051466571452697299e-15
4.834610778443113304e+03 7.780438531391316480e-15
4.837610778443113304e+03 7.688373468818118435e-15
4.840610778443113304e+03 7.463001220431375726e-15
4.843610778443113304e+03 7.096811500315985303e-15
4.846610778443113304e+03 6.911749324301379724e-15
4.849610778443113304e+03 6.966934362089421754e-15
4.852610778443113304e+03 7.000084627355279030e-15
4.855610778443113304e+03 6.922221002559131549e-15
4.858610778443113304e+03 6.939516397439935204e-15
4.861610778443113304e+03 7.067894528525812761e-15
4.864610778443113304e+03 7.218648270486315571e-15
4.867610778443113304e+03 7.288319045914171702e-15
4.870610778443113304e+03 7.331406587636181028e-15
4.873610778443113304e+03 7.511504631124170804e-15
4.876610778443113304e+03 7.708817997482539023e-15
4.879610778443113304e+03 7.762486283373224768e-15
4.882610778443113304e+03 7.864733259559620478e-15
4.885610778443113304e+03 7.697438238747248081e-15
4.888610778443113304e+03 7.846675615579030942e-15
4.891610778443113304e+03 7.779285823978239944e-15
4.894610778443113304e+03 8.056498210892747761e-15
4.897610778443113304e+03 7.968080053999887554e-15
4.900610778443113304e+03 7.915399009382296053e-15
4.903610778443113304e+03 7.753186061958661942e-15
4.906610778443113304e+03 7.660676466259810389e-15
4.909610778443113304e+03 7.621538551504861685e-15
4.912610778443113304e+03 7.158035292968560808e-15
4.915610778443113304e+03 7.059656409778329173e-15
4.918610778443113304e+03 6.725227944121311702e-15
4.921610778443113304e+03 6.439146026606619802e-15
4.924610778443113304e+03 6.304613203187886238e-15
4.927610778443113304e+03 6.044106236930066732e-15
4.930610778443113304e+03 5.678790137190224282e-15
4.933610778443113304e+03 5.531119407340933636e-15
4.936610778443113304e+03 5.335892338751298256e-15
4.939610778443113304e+03 5.182166174063443283e-15
4.942610778443113304e+03 5.029500511063766395e-15
4.945610778443113304e+03 5.049264037068853587e-15
4.948610778443113304e+03 5.021618003725356284e-15
4.951610778443113304e+03 5.136812615894535396e-15
4.954610778443113304e+03 5.354847551697711773e-15
4.957610778443113304e+03 5.452901387521963528e-15
4.960610778443113304e+03 5.616978012795537248e-15
4.963610778443113304e+03 5.704807204015508111e-15
4.966610778443113304e+03 5.983912936094304797e-15
4.969610778443113304e+03 6.262893223776104100e-15
4.972610778443113304e+03 6.335211992573029476e-15
4.975610778443113304e+03 6.542129095415984335e-15
4.978610778443113304e+03 6.614874503949915814e-15
4.981610778443113304e+03 6.529988793699481991e-15
4.984610778443113304e+03 6.697802529866447850e-15
4.987610778443113304e+03 6.817860852438438240e-15
4.990610778443113304e+03 6.862069492633579779e-15
4.993610778443113304e+03 6.978627923765477590e-15
4.996610778443113304e+03 6.977300347593769859e-15
4.999610778443113304e+03 7.106917012594433027e-15
5.002610778443113304e+03 7.183424899694071248e-15
5.005610778443113304e+03 7.060893695765660078e-15
5.008610778443113304e+03 7.165294973225443207e-15
5.011610778443113304e+03 7.119341086948371298e-15
5.014610778443113304e+03 7.102727724255339525e-15
5.017610778443113304e+03 7.192554353030363118e-15
5.020610778443113304e+03 7.077199622331579353e-15
5.023610778443113304e+03 7.056769347543976830e-15
5.026610778443113304e+03 6.900656135279743788e-15
5.029610778443113304e+03 6.834377859295192249e-15
5.032610778443113304e+03 6.830190215170756654e-15
5.035610778443113304e+03 6.776681282772451720e-15
5.038610778443113304e+03 6.560853470684006570e-15
5.041610778443113304e+03 6.276405430794607556e-15
5.044610778443113304e+03 6.318587659908315052e-15
5.047610778443113304e+03 6.179945458435312338e-15
5.050610778443113304e+03 6.074126940491165029e-15
5.053610778443113304e+03 5.961367101284510696e-15
5.056610778443113304e+03 5.691860240704562554e-15
5.059610778443113304e+03 5.499161983238750924e-15
5.062610778443113304e+03 5.181983985318729701e-15
5.065610778443113304e+03 4.935354424883805532e-15
5.068610778443113304e+03 4.830734914819762056e-15
5.071610778443113304e+03 4.691882150848062980e-15
5.074610778443113304e+03 4.445437113698394138e-15
5.077610778443113304e+03 4.167320532004242280e-15
5.080610778443113304e+03 4.010185976377183630e-15
5.083610778443113304e+03 3.864767952790161045e-15
5.086610778443113304e+03 3.841821603046201654e-15
5.089610778443113304e+03 3.875826802995765843e-15
5.092610778443113304e+03 3.752391951600781659e-15
5.095610778443113304e+03 3.830218343526161357e-15
5.098610778443113304e+03 3.843293730306260552e-15
5.101610778443113304e+03 4.024487028890956021e-15
5.104610778443113304e+03 4.177190064798959123e-15
5.107610778443113304e+03 4.409104084611981262e-15
5.110610778443113304e+03 4.538245558192624160e-15
5.113610778443113304e+03 4.858845741439710236e-15
5.116610778443113304e+03 5.115997007096645610e-15
5.119610778443113304e+03 5.059810812413672511e-15
5.122610778443113304e+03 5.192444620044294123e-15
5.125610778443113304e+03 5.379801783339226171e-15
5.128610778443113304e+03 5.521075274737476000e-15
5.131610778443113304e+03 5.568913848949066190e-15
5.134610778443113304e+03 5.619413164559102245e-15
5.137610778443113304e+03 5.961447138670242800e-15
5.140610778443113304e+03 6.066918810846590339e-15
5.143610778443113304e+03 6.032171285057947480e-15
5.146610778443113304e+03 6.241846433103995789e-15
5.149610778443113304e+03 6.189797262383111936e-15
5.152610778443113304e+03 6.182947619786147354e-15
5.155610778443113304e+03 6.155913917341276414e-15
5.158610778443113304e+03 6.206327200653405329e-15
5.161610778443113304e+03 6.280302552490770175e-15
5.164610778443113304e+03 6.268172408641916600e-15
5.167610778443113304e+03 6.264624477057155580e-15
5.170610778443113304e+03 6.241413507183704982e-15
5.173610778443113304e+03 6.277778780211324245e-15
5.176610778443113304e+03 6.210170576585704678e-15
5.179610778443113304e+03 6.031421919494719748e-15
5.182610778443113304e+03 6.159379267886156924e-15
5.185610778443113304e+03 5.993491012939394446e-15
5.188610778443113304e+03 5.990605101641127124e-15
5.191610778443113304e+03 5.917927416987154006e-15
5.194610778443113304e+03 5.765704690367151382e-15
5.197610778443113304e+03 5.648102185691401099e-15
5.200610778443113304e+03 5.687063588525551821e-15
5.203610778443113304e+03 5.643660548098887604e-15
5.206610778443113304e+03 5.640328787273818303e-15
5.209610778443113304e+03 5.621548495545852581e-15
5.212610778443113304e+03 5.535367487269407194e-15
5.215610778443113304e+03 5.588918420445711534e-15
5.218610778443113304e+03 5.482187365815931187e-15
5.221610778443113304e+03 5.427243137474635792e-15
5.224610778443113304e+03 5.490288182670623762e-15
5.227610778443113304e+03 5.386383865352954382e-15
5.230610778443113304e+03 5.391293661167502524e-15
5.233610778443113304e+03 5.442899370331679987e-15
5.236610778443113304e+03 5.353107410065418262e-15
5.239610778443113304e+03 5.269979845689117059e-15
5.242610778443113304e+03 5.333578460817283233e-15
5.245610778443113304e+03 5.427498122296550289e-15
5.248610778443113304e+03 5.559131060306144962e-15
5.251610778443113304e+03 5.524228461950678400e-15
5.254610778443113304e+03 5.584390126619685254e-15
5.257610778443113304e+03 5.827774180907088741e-15
5.260610778443113304e+03 5.741768828542097118e-15
5.263610778443113304e+03 5.789887220554859127e-15
5.266610778443113304e+03 6.033879370672649327e-15
5.269610778443113304e+03 6.070437872068324346e-15
5.272610778443113304e+03 5.939517279538873351e-15
5.275610778443113304e+03 5.956721604364456573e-15
5.278610778443113304e+03 6.062298418986165636e-15
5.281610778443113304e+03 6.109821342875206411e-15
5.284610778443113304e+03 6.102413525045993599e-15
5.287610778443113304e+03 6.121515386024584540e-15
5.290610778443113304e+03 6.020752419779019770e-15
5.293610778443113304e+03 5.997572951227669923e-15
5.296610778443113304e+03 6.067267979077552648e-15
5.299610778443113304e+03 6.060310687530729618e-15
5.302610778443113304e+03 6.135869723266098817e-15
5.305610778443113304e+03 6.187619646345195018e-15
5.308610778443113304e+03 6.218135189967920756e-15
5.311610778443113304e+03 6.253946144965606149e-15
5.314610778443113304e+03 6.308409980707378173e-15
5.317610778443113304e+03 6.280240690735090115e-15
5.320610778443113304e+03 6.145498033268958072e-15
5.323610778443113304e+03 6.061313190126981456e-15
5.326610778443113304e+03 6.007459940264565814e-15
5.329610778443113304e+03 5.956373481274881616e-15
5.332610778443113304e+03 5.979491673505291753e-15
5.335610778443113304e+03 5.929462075782275036e-15
5.338610778443113304e+03 5.805812772961648758e-15
5.341610778443113304e+03 5.837347024522642739e-15
5.344610778443113304e+03 5.890956583903087731e-15
5.347610778443113304e+03 5.841132946437928340e-15
5.350610778443113304e+03 5.758227967911510535e-15
5.353610778443113304e+03 5.683568492718099581e-15
5.356610778443113304e+03 5.667063762821739231e-15
5.359610778443113304e+03 5.730994512737411675e-15
5.362610778443113304e+03 5.698341062082643301e-15
5.365610778443113304e+03 5.583879110539115915e-15
5.368610778443113304e+03 5.620641372675607445e-15
5.371610778443113304e+03 5.601830174496080901e-15
5.374610778443113304e+03 5.499750049097937821e-15
5.377610778443113304e+03 5.568837322659089650e-15
5.380610778443113304e+03 5.608880216376042914e-15
5.383610778443113304e+03 5.531505450382611598e-15
5.386610778443113304e+03 5.491377629157811443e-15
5.389610778443113304e+03 5.479379377771405247e-15
5.392610778443113304e+03 5.443570869691938834e-15
5.395610778443113304e+03 5.376428278972971726e-15
5.398610778443113304e+03 5.389191942186057379e-15
5.401610778443113304e+03 5.427637860852126335e-15
5.404610778443113304e+03 5.331126287867346285e-15
5.407610778443113304e+03 5.301301013149887865e-15
5.410610778443113304e+03 5.343712730828510350e-15
5.413610778443113304e+03 5.252013500928090202e-15
5.416610778443113304e+03 5.211628490266855196e-15
5.419610778443113304e+03 5.293940369013814341e-15
5.422610778443113304e+03 5.354399888212956723e-15
5.425610778443113304e+03 5.292675667264134770e-15
5.428610778443113304e+03 5.159127431234780652e-15
5.431610778443113304e+03 5.089683402517895391e-15
5.434610778443113304e+03 5.085908139238351821e-15
5.437610778443113304e+03 5.084163870565447074e-15
5.440610778443113304e+03 5.036935863206526422e-15
5.443610778443113304e+03 4.982771223113863636e-15
5.446610778443113304e+03 4.974221765171614594e-15
5.449610778443113304e+03 5.013411479684291633e-15
5.452610778443113304e+03 4.992366666582070125e-15
5.455610778443113304e+03 4.894672556269625725e-15
5.458610778443113304e+03 4.816549139361734908e-15
5.461610778443113304e+03 4.848068121312989805e-15
5.464610778443113304e+03 4.955806272580802076e-15
5.467610778443113304e+03 5.029776153897275163e-15
5.470610778443113304e+03 5.090509097301049797e-15
5.473610778443113304e+03 5.104096015583500865e-15
5.476610778443113304e+03 5.022814952199989453e-15
5.479610778443113304e+03 5.017004664428723521e-15
5.482610778443113304e+03 5.075915558760322308e-15
5.485610778443113304e+03 5.043373796468980346e-15
5.488610778443113304e+03 5.020506336007845414e-15
5.491610778443113304e+03 5.058801565076176942e-15
5.494610778443113304e+03 5.087866531426223651e-15
5.497610778443113304e+03 5.033767892262199195e-15
5.500610778443113304e+03 4.957833167941879019e-15
5.503610778443113304e+03 4.995599522097648446e-15
5.506610778443113304e+03 5.060052259585947659e-15
5.509610778443113304e+03 5.059037730204937265e-15
5.512610778443113304e+03 4.995647607016164657e-15
5.515610778443113304e+03 5.012883323656759709e-15
5.518610778443113304e+03 5.064824625771617279e-15
5.521610778443113304e+03 4.998993038550738516e-15
5.524610778443113304e+03 4.988575544827725707e-15
5.527610778443113304e+03 5.006330742705632081e-15
5.530610778443113304e+03 4.899507633101304338e-15
5.533610778443113304e+03 4.873905658590623811e-15
5.536610778443113304e+03 4.947810436725365164e-15
5.539610778443113304e+03 4.960153424445378839e-15
5.542610778443113304e+03 4.918128084769195527e-15
5.545610778443113304e+03 4.853509412502583481e-15
5.548610778443113304e+03 4.799849497980517046e-15
5.551610778443113304e+03 4.764320310344706205e-15
5.554610778443113304e+03 4.756181117946915049e-15
5.557610778443113304e+03 4.776953193761275253e-15
5.560610778443113304e+03 4.760453374581086125e-15
5.563610778443113304e+03 4.733590425450932213e-15
5.566610778443113304e+03 4.761679664714551234e-15
5.569610778443113304e+03 4.766387643514411779e-15
5.572610778443113304e+03 4.707139993212105336e-15
5.575610778443113304e+03 4.631541854449547829e-15
5.578610778443113304e+03 4.661456622009720616e-15
5.581610778443113304e+03 4.728935218432465496e-15
5.584610778443113304e+03 4.672954653622720138e-15
5.587610778443113304e+03 4.584852030070166784e-15
5.590610778443113304e+03 4.547686658873315877e-15
5.593610778443113304e+03 4.560504237519607412e-15
5.596610778443113304e+03 4.585000635594164551e-15
5.599610778443113304e+03 4.599728482503732276e-15
5.602610778443113304e+03 4.605388247357048541e-15
5.605610778443113304e+03 4.561967544330711379e-15
5.608610778443113304e+03 4.512669233059019734e-15
5.611610778443113304e+03 4.528784290037483729e-15
5.614610778443113304e+03 4.529623955742144275e-15
5.617610778443113304e+03 4.504105454423097901e-15
5.620610778443113304e+03 4.512633671493230325e-15
5.623610778443113304e+03 4.525564835491169291e-15
5.626610778443113304e+03 4.519707953823574697e-15
5.629610778443113304e+03 4.507811321042567976e-15
5.632610778443113304e+03 4.531671077646457488e-15
5.635610778443113304e+03 4.550536171446880436e-15
5.638610778443113304e+03 4.493947710381548357e-15
5.641610778443113304e+03 4.467896135239369381e-15
5.644610778443113304e+03 4.475491929068370382e-15
5.647610778443113304e+03 4.431426306071389251e-15
5.650610778443113304e+03 4.442096978028356446e-15
5.653610778443113304e+03 4.473565294144200200e-15
5.656610778443113304e+03 4.390122909247558338e-15
5.659610778443113304e+03 4.306635909029102391e-15
5.662610778443113304e+03 4.293854917029637395e-15
5.665610778443113304e+03 4.312602642018674767e-15
5.668610778443113304e+03 4.343833671438487420e-15
5.671610778443113304e+03 4.376063284841194960e-15
5.674610778443113304e+03 4.389108329920209427e-15
5.677610778443113304e+03 4.304564806430150193e-15
5.680610778443113304e+03 4.197951854606084642e-15
5.683610778443113304e+03 4.234269651543186405e-15
5.686610778443113304e+03 4.251052560709031194e-15
5.689610778443113304e+03 4.210013503503961689e-15
5.692610778443113304e+03 4.236154392142670085e-15
5.695610778443113304e+03 4.302226833396901595e-15
5.698610778443113304e+03 4.325622293521484400e-15
5.701610778443113304e+03 4.242973429137580745e-15
5.704610778443113304e+03 4.219008357487292041e-15
5.707610778443113304e+03 4.269739008594783154e-15
5.710610778443113304e+03 4.231218444750838714e-15
5.713610778443113304e+03 4.141616679079911534e-15
5.716610778443113304e+03 4.082708545891408778e-15
5.719610778443113304e+03 4.085912833005513948e-15
5.722610778443113304e+03 4.103614667700233393e-15
5.725610778443113304e+03 4.060879440465362392e-15
5.728610778443113304e+03 3.936798920292451831e-15
5.731610778443113304e+03 3.883775821364577249e-15
5.734610778443113304e+03 3.907927966136888145e-15
5.737610778443113304e+03 3.851305954379406871e-15
5.740610778443113304e+03 3.843327127000035933e-15
5.743610778443113304e+03 3.920766096945422422e-15
5.746610778443113304e+03 3.924655658573282881e-15
5.749610778443113304e+03 3.924963525411015404e-15
5.752610778443113304e+03 3.960978861320865675e-15
5.755610778443113304e+03 3.962052067908740175e-15
5.758610778443113304e+03 3.959750330116302199e-15
5.761610778443113304e+03 3.978291401740615225e-15
5.764610778443113304e+03 3.992170497452459153e-15
5.767610778443113304e+03 4.032539486581176963e-15
5.770610778443113304e+03 4.071669606896339798e-15
5.773610778443113304e+03 4.018694425999646729e-15
5.776610778443113304e+03 3.993014496359673313e-15
5.779610778443113304e+03 4.056160645740961179e-15
5.782610778443113304e+03 4.089089600747992016e-15
5.785610778443113304e+03 4.067739165651410037e-15
5.788610778443113304e+03 4.028574858391094337e-15
5.791610778443113304e+03 4.024576912751859400e-15
5.794610778443113304e+03 4.020356467532111332e-15
5.797610778443113304e+03 3.998467953082004657e-15
5.800610778443113304e+03 4.008505668945726173e-15
5.803610778443113304e+03 4.030205704794900554e-15
5.806610778443113304e+03 4.017311337008680813e-15
5.809610778443113304e+03 3.956844517119942786e-15
5.812610778443113304e+03 3.958916115812702605e-15
5.815610778443113304e+03 4.049046142218579491e-15
5.818610778443113304e+03 4.056235094116518299e-15
5.821610778443113304e+03 4.018892868638212679e-15
5.824610778443113304e+03 4.032367662995174019e-15
5.827610778443113304e+03 4.086774602560558784e-15
5.830610778443113304e+03 4.124125578536614338e-15
5.833610778443113304e+03 4.117114175107949695e-15
5.836610778443113304e+03 4.119572789028208063e-15
5.839610778443113304e+03 4.147106766152424260e-15
5.842610778443113304e+03 4.179460989417888588e-15
5.845610778443113304e+03 4.181313498651392050e-15
5.848610778443113304e+03 4.179547201506738090e-15
5.851610778443113304e+03 4.180095301454976909e-15
5.854610778443113304e+03 4.180643401403215727e-15
5.857610778443113304e+03 4.181191501351455335e-15
5.860610778443113304e+03 4.181739601299694154e-15
5.863610778443113304e+03 4.182287701247932972e-15
5.866610778443113304e+03 4.182835801196172580e-15
5.869610778443113304e+03 4.183383901144411399e-15
5.872610778443113304e+03 4.183932001092650217e-15
5.875610778443113304e+03 4.184480101040889825e-15
5.878610778443113304e+03 4.185028200989128644e-15
5.881610778443113304e+03 4.185576300937367462e-15
5.884610778443113304e+03 4.186124400885606281e-15
5.887610778443113304e+03 4.186672500833845889e-15
5.890610778443113304e+03 4.187220600782084707e-15
5.893610778443113304e+03 4.187768700730323526e-15
5.896610778443113304e+03 4.188316800678563133e-15
5.899610778443113304e+03 4.188864900626801952e-15
5.902610778443113304e+03 4.189413000575040771e-15
5.905610778443113304e+03 4.189961100523280378e-15
5.908610778443113304e+03 4.190509200471519197e-15
5.911610778443113304e+03 4.191057300419758016e-15
5.914610778443113304e+03 4.191605400367996835e-15
5.917610778443113304e+03 4.192153500316236442e-15
5.920610778443113304e+03 4.191279370333159482e-15
5.923610778443113304e+03 4.159965292949751778e-15
5.926610778443113304e+03 4.073048611427800810e-15
5.929610778443113304e+03 4.008485290220211943e-15
5.932610778443113304e+03 4.027981414792775874e-15
5.935610778443113304e+03 4.037885691465515628e-15
5.938610778443113304e+03 4.027022083220343334e-15
5.941610778443113304e+03 4.053471224117207603e-15
5.944610778443113304e+03 4.094107210406439568e-15
5.947610778443113304e+03 4.115078182196242537e-15
5.950610778443113304e+03 4.107673187822816640e-15
5.953610778443113304e+03 4.112457682015843518e-15
5.956610778443113304e+03 4.133634168987378026e-15
5.959610778443113304e+03 4.135352559315499839e-15
5.962610778443113304e+03 4.104105222193139436e-15
5.965610778443113304e+03 4.083060526584228761e-15
5.968610778443113304e+03 4.132816718462509081e-15
5.971610778443113304e+03 4.185876837483478361e-15
5.974610778443113304e+03 4.172120994581336784e-15
5.977610778443113304e+03 4.092895206640722591e-15
5.980610778443113304e+03 4.061950722636494960e-15
5.983610778443113304e+03 4.084494678461019325e-15
5.986610778443113304e+03 4.049174135329707895e-15
5.989610778443113304e+03 4.069047620568057710e-15
5.992610778443113304e+03 4.136765133877839500e-15
5.995610778443113304e+03 4.089435397847085472e-15
5.998610778443113304e+03 4.049564736458581934e-15
6.001610778443113304e+03 4.065873570691469801e-15
6.004610778443113304e+03 4.005840190921182454e-15
6.007610778443113304e+03 3.980654258781122859e-15
6.010610778443113304e+03 4.025842227488132328e-15
6.013610778443113304e+03 3.988909317583804728e-15
6.016610778443113304e+03 4.029116363362539476e-15
6.019610778443113304e+03 4.155281896096121833e-15
6.022610778443113304e+03 4.064740910889493221e-15
6.025610778443113304e+03 3.956534870972493063e-15
6.028610778443113304e+03 4.000127680803138699e-15
6.031610778443113304e+03 3.989230736510946515e-15
6.034610778443113304e+03 3.925605952605218901e-15
6.037610778443113304e+03 3.900063982420129594e-15
6.040610778443113304e+03 3.953415301217434356e-15
6.043610778443113304e+03 3.995854222913908282e-15
6.046610778443113304e+03 3.962444410174584135e-15
6.049610778443113304e+03 3.945816161751759309e-15
6.052610778443113304e+03 3.911122481304547055e-15
6.055610778443113304e+03 3.835224056900555334e-15
6.058610778443113304e+03 3.857527633553866323e-15
6.061610778443113304e+03 3.922295548444014332e-15
6.064610778443113304e+03 3.931417281229181753e-15
6.067610778443113304e+03 3.938592786169301167e-15
6.070610778443113304e+03 3.920167638449564483e-15
6.073610778443113304e+03 3.866113770052262956e-15
6.076610778443113304e+03 3.922291036730554038e-15
6.079610778443113304e+03 4.026656761519523232e-15
6.082610778443113304e+03 4.052248056302932252e-15
6.085610778443113304e+03 4.066291625920773197e-15
6.088610778443113304e+03 4.059346400704522840e-15
6.091610778443113304e+03 3.999624312019140871e-15
6.094610778443113304e+03 3.983673174017642287e-15
6.097610778443113304e+03 4.015501704198979158e-15
6.100610778443113304e+03 4.038959740632805787e-15
6.103610778443113304e+03 4.054167135316143787e-15
6.106610778443113304e+03 4.053654614155801949e-15
6.109610778443113304e+03 4.032547561753147976e-15
6.112610778443113304e+03 4.035849989222659913e-15
6.115610778443113304e+03 4.051895768364831961e-15
6.118610778443113304e+03 4.040220335313728350e-15
6.121610778443113304e+03 4.048400445584067084e-15
6.124610778443113304e+03 4.071933333783585234e-15
6.127610778443113304e+03 4.053252231273180219e-15
6.130610778443113304e+03 4.011176679193407511e-15
6.133610778443113304e+03 3.979136538843375335e-15
6.136610778443113304e+03 3.969952708189216389e-15
6.139610778443113304e+03 3.954238196206239782e-15
6.142610778443113304e+03 3.939364444972261450e-15
6.145610778443113304e+03 3.964955321118586320e-15
6.148610778443113304e+03 3.929413131331335616e-15
6.151610778443113304e+03 3.829995640820546598e-15
6.154610778443113304e+03 3.808264656450677369e-15
6.157610778443113304e+03 3.831865202398835845e-15
6.160610778443113304e+03 3.855108254227294927e-15
6.163610778443113304e+03 3.866317835017179493e-15
6.166610778443113304e+03 3.877585706606684788e-15
6.169610778443113304e+03 3.905646799829508674e-15
6.172610778443113304e+03 3.951135318363189944e-15
6.175610778443113304e+03 3.986376993882223985e-15
6.178610778443113304e+03 3.996441610812859256e-15
6.181610778443113304e+03 4.007941320852790943e-15
6.184610778443113304e+03 4.022700212228825938e-15
6.187610778443113304e+03 4.032558604851899698e-15
6.190610778443113304e+03 4.042388507526782293e-15
6.193610778443113304e+03 4.052924554323652318e-15
6.196610778443113304e+03 4.054751326595351694e-15
6.199610778443113304e+03 4.033048426974764001e-15
6.202610778443113304e+03 4.032069726763923071e-15
6.205610778443113304e+03 4.072277477338216500e-15
6.208610778443113304e+03 4.082939745099936138e-15
6.211610778443113304e+03 4.064217140510623475e-15
6.214610778443113304e+03 4.054373234690200772e-15
6.217610778443113304e+03 4.075636665198088403e-15
6.220610778443113304e+03 4.091743926335239957e-15
6.223610778443113304e+03 4.062193164012026725e-15
6.226610778443113304e+03 4.002873683698775936e-15
6.229610778443113304e+03 3.949315735564605920e-15
6.232610778443113304e+03 3.926883498544596381e-15
6.235610778443113304e+03 3.914889118738247116e-15
6.238610778443113304e+03 3.942738586145771660e-15
6.241610778443113304e+03 3.927274411759988526e-15
6.244610778443113304e+03 3.835324507416930330e-15
6.247610778443113304e+03 3.712204557504573244e-15
6.250610778443113304e+03 3.626630297512493062e-15
6.253610778443113304e+03 3.566025165071388923e-15
6.256610778443113304e+03 3.514997346416661073e-15
6.259610778443113304e+03 3.472251790808413258e-15
6.262610778443113304e+03 3.416955508893848423e-15
6.265610778443113304e+03 3.352558789445529402e-15
6.268610778443113304e+03 3.314443579353894540e-15
6.271610778443113304e+03 3.316731581268959157e-15
6.274610778443113304e+03 3.328237784728874646e-15
6.277610778443113304e+03 3.281047183312722421e-15
6.280610778443113304e+03 3.222078123569917088e-15
6.283610778443113304e+03 3.190868919016046217e-15
6.286610778443113304e+03 3.210702739816880326e-15
6.289610778443113304e+03 3.256498386116950777e-15
6.292610778443113304e+03 3.290127390160459984e-15
6.295610778443113304e+03 3.290861344766464186e-15
6.298610778443113304e+03 3.292085899361036239e-15
6.301610778443113304e+03 3.333145344159379748e-15
6.304610778443113304e+03 3.405100072283590248e-15
6.307610778443113304e+03 3.492003652589031707e-15
6.310610778443113304e+03 3.561965063281390665e-15
6.313610778443113304e+03 3.555374473708278931e-15
6.316610778443113304e+03 3.534410285759437305e-15
6.319610778443113304e+03 3.578388462527272533e-15
6.322610778443113304e+03 3.641472781369415079e-15
6.325610778443113304e+03 3.676224863155949597e-15
6.328610778443113304e+03 3.694585316424783773e-15
6.331610778443113304e+03 3.710499404392497382e-15
6.334610778443113304e+03 3.683803015660550188e-15
6.337610778443113304e+03 3.627157464576572616e-15
6.340610778443113304e+03 3.604855496716716726e-15
6.343610778443113304e+03 3.635493349207418455e-15
6.346610778443113304e+03 3.677570571461881744e-15
6.349610778443113304e+03 3.682198023524329298e-15
6.352610778443113304e+03 3.660189860226179879e-15
6.355610778443113304e+03 3.650692475572527352e-15
6.358610778443113304e+03 3.652903957274887825e-15
6.361610778443113304e+03 3.641508730513082739e-15
6.364610778443113304e+03 3.596595531775879848e-15
6.367610778443113304e+03 3.586934609582330542e-15
6.370610778443113304e+03 3.615815857101065949e-15
6.373610778443113304e+03 3.606796910240951174e-15
6.376610778443113304e+03 3.565295341922397053e-15
6.379610778443113304e+03 3.528947182487846412e-15
6.382610778443113304e+03 3.521709495336864393e-15
6.385610778443113304e+03 3.494570221854304198e-15
6.388610778443113304e+03 3.428783663978094403e-15
6.391610778443113304e+03 3.371927419551244659e-15
6.394610778443113304e+03 3.308842723237134354e-15
6.397610778443113304e+03 3.223790656337974903e-15
6.400610778443113304e+03 3.135937836383064690e-15
6.403610778443113304e+03 3.046132989695114640e-15
6.406610778443113304e+03 2.957697819095903790e-15
6.409610778443113304e+03 2.887826901012123920e-15
6.412610778443113304e+03 2.809329276777713007e-15
6.415610778443113304e+03 2.705952258663181034e-15
6.418610778443113304e+03 2.618173736270016971e-15
6.421610778443113304e+03 2.549074724034457288e-15
6.424610778443113304e+03 2.486316104298406094e-15
6.427610778443113304e+03 2.448713597684343431e-15
6.430610778443113304e+03 2.410518210521983243e-15
6.433610778443113304e+03 2.359880851707307049e-15
6.436610778443113304e+03 2.384117777653379193e-15
6.439610778443113304e+03 2.436672368341838219e-15
6.442610778443113304e+03 2.426320707219503369e-15
6.445610778443113304e+03 2.436734848024712775e-15
6.448610778443113304e+03 2.507849168570563991e-15
6.451610778443113304e+03 2.621625072363895918e-15
6.454610778443113304e+03 2.755535856789412793e-15
6.457610778443113304e+03 2.905017291703826072e-15
6.460610778443113304e+03 3.087304307961773840e-15
6.463610778443113304e+03 3.339336755887571994e-15
6.466610778443113304e+03 3.629070590724936659e-15
6.469610778443113304e+03 3.885001180615539097e-15
6.472610778443113304e+03 4.164694573542492111e-15
6.475610778443113304e+03 4.483458749480077470e-15
6.478610778443113304e+03 4.783042736378265445e-15
6.481610778443113304e+03 5.103145226434025448e-15
6.484610778443113304e+03 5.445436865520978891e-15
6.487610778443113304e+03 5.726458194914917307e-15
6.490610778443113304e+03 5.980681324552043505e-15
6.493610778443113304e+03 6.223021635680834685e-15
6.496610778443113304e+03 6.396148635879582927e-15
6.499610778443113304e+03 6.509526667631311518e-15
6.502610778443113304e+03 6.612187059053539284e-15
6.505610778443113304e+03 6.735868200000477128e-15
6.508610778443113304e+03 6.916354409154354972e-15
6.511610778443113304e+03 7.144661699031155854e-15
6.514610778443113304e+03 7.325144778027969688e-15
6.517610778443113304e+03 7.446314733127754639e-15
6.520610778443113304e+03 7.534284882557241460e-15
6.523610778443113304e+03 7.555488734146870856e-15
6.526610778443113304e+03 7.566259425654831970e-15
6.529610778443113304e+03 7.628802784521986505e-15
6.532610778443113304e+03 7.666408760745603021e-15
6.535610778443113304e+03 7.685370562459741254e-15
6.538610778443113304e+03 7.733779075549871731e-15
6.541610778443113304e+03 7.754966473826304064e-15
6.544610778443113304e+03 7.730764073125708569e-15
6.547610778443113304e+03 7.671695292185658710e-15
6.550610778443113304e+03 7.584566272396875747e-15
6.553610778443113304e+03 7.521039647240504302e-15
6.556610778443113304e+03 7.541960955322915293e-15
6.559610778443113304e+03 7.614144894478928395e-15
6.562610778443113304e+03 7.627655244948859574e-15
6.565610778443113304e+03 7.444130976012390514e-15
6.568610778443113304e+03 7.244059601028151300e-15
6.571610778443113304e+03 7.135623080419428678e-15
6.574610778443113304e+03 7.043462180805370851e-15
6.577610778443113304e+03 6.950360664102381481e-15
6.580610778443113304e+03 6.867423377616370846e-15
6.583610778443113304e+03 6.790803602821405171e-15
6.586610778443113304e+03 6.692935126399934195e-15
6.589610778443113304e+03 6.560242220668217129e-15
6.592610778443113304e+03 6.428000512997619604e-15
6.595610778443113304e+03 6.319370764439781587e-15
6.598610778443113304e+03 6.223382920337096074e-15
6.601610778443113304e+03 6.118380669620050384e-15
6.604610778443113304e+03 5.967219699683399368e-15
6.607610778443113304e+03 5.781360663627981177e-15
6.610610778443113304e+03 5.687027119751340948e-15
6.613610778443113304e+03 5.649200720362671939e-15
6.616610778443113304e+03 5.550264427990858421e-15
6.619610778443113304e+03 5.376981433470897064e-15
6.622610778443113304e+03 5.223916036776322095e-15
6.625610778443113304e+03 5.183925933705642301e-15
6.628610778443113304e+03 5.141378122337147435e-15
6.631610778443113304e+03 5.045968010885726509e-15
6.634610778443113304e+03 4.940591843088582675e-15
6.637610778443113304e+03 4.884433512678395500e-15
6.640610778443113304e+03 4.851536859006184864e-15
6.643610778443113304e+03 4.752839069769884843e-15
6.646610778443113304e+03 4.628593553931272437e-15
6.649610778443113304e+03 4.537795472214649411e-15
6.652610778443113304e+03 4.504579033028063587e-15
6.655610778443113304e+03 4.488193053131152532e-15
6.658610778443113304e+03 4.436893451211241854e-15
6.661610778443113304e+03 4.327532538895044769e-15
6.664610778443113304e+03 4.251309759450419633e-15
6.667610778443113304e+03 4.241612135701866430e-15
6.670610778443113304e+03 4.176973822471167343e-15
6.673610778443113304e+03 4.078252090045988987e-15
6.676610778443113304e+03 4.004740179772257865e-15
6.679610778443113304e+03 3.944560043574919952e-15
6.682610778443113304e+03 3.886428684215272495e-15
6.685610778443113304e+03 3.837798000794949854e-15
6.688610778443113304e+03 3.799423714019490702e-15
6.691610778443113304e+03 3.744078614824077848e-15
6.694610778443113304e+03 3.658239947211690734e-15
6.697610778443113304e+03 3.613795480862387964e-15
6.700610778443113304e+03 3.600893534079736344e-15
6.703610778443113304e+03 3.570824929564677967e-15
6.706610778443113304e+03 3.532544761672407541e-15
6.709610778443113304e+03 3.499954430466095701e-15
6.712610778443113304e+03 3.474791453034717868e-15
6.715610778443113304e+03 3.488598419093828986e-15
6.718610778443113304e+03 3.508137956789417584e-15
6.721610778443113304e+03 3.469399637687350518e-15
6.724610778443113304e+03 3.424798493632329989e-15
6.727610778443113304e+03 3.407735966298464230e-15
6.730610778443113304e+03 3.396985392701079901e-15
6.733610778443113304e+03 3.372646078399902547e-15
6.736610778443113304e+03 3.343311680256127340e-15
6.739610778443113304e+03 3.345455064581415252e-15
6.742610778443113304e+03 3.333943287317333435e-15
6.745610778443113304e+03 3.292789049006298523e-15
6.748610778443113304e+03 3.294488874098442249e-15
6.751610778443113304e+03 3.290263689633931138e-15
6.754610778443113304e+03 3.247382696263089996e-15
6.757610778443113304e+03 3.269620290249857901e-15
6.760610778443113304e+03 3.306405038172513118e-15
6.763610778443113304e+03 3.272742641554399458e-15
6.766610778443113304e+03 3.224271184580021117e-15
6.769610778443113304e+03 3.219539206917634476e-15
6.772610778443113304e+03 3.260275206309062088e-15
6.775610778443113304e+03 3.236824327601368248e-15
6.778610778443113304e+03 3.195712720034636436e-15
6.781610778443113304e+03 3.246606953509723293e-15
6.784610778443113304e+03 3.232216546209445767e-15
6.787610778443113304e+03 3.155362612615661586e-15
6.790610778443113304e+03 3.172317815639135345e-15
6.793610778443113304e+03 3.190688762050664839e-15
6.796610778443113304e+03 3.153595292495045428e-15
6.799610778443113304e+03 3.109217744492789729e-15
6.802610778443113304e+03 3.105391682132442343e-15
6.805610778443113304e+03 3.139047677556555826e-15
6.808610778443113304e+03 3.142534319393168570e-15
6.811610778443113304e+03 3.129681124343289271e-15
6.814610778443113304e+03 3.131262877542255530e-15
6.817610778443113304e+03 3.140485891368692434e-15
6.820610778443113304e+03 3.140076039664187296e-15
6.823610778443113304e+03 3.126279061270530855e-15
6.826610778443113304e+03 3.134272356268855469e-15
6.829610778443113304e+03 3.121085570828071638e-15
6.832610778443113304e+03 3.067547130912605614e-15
6.835610778443113304e+03 3.064625938659022649e-15
6.838610778443113304e+03 3.063318948236811113e-15
6.841610778443113304e+03 3.062011957814599183e-15
6.844610778443113304e+03 3.060704967392387648e-15
6.847610778443113304e+03 3.059397976970176112e-15
6.850610778443113304e+03 3.058090986547964577e-15
6.853610778443113304e+03 3.056783996125753041e-15
6.856610778443113304e+03 3.055477005703541506e-15
6.859610778443113304e+03 3.054170015281329970e-15
6.862610778443113304e+03 3.052863024859118435e-15
6.865610778443113304e+03 3.051556034436906505e-15
6.868610778443113304e+03 3.050249044014694969e-15
6.871610778443113304e+03 3.048942053592483433e-15
6.874610778443113304e+03 3.047635063170271898e-15
6.877610778443113304e+03 3.046328072748060362e-15
6.880610778443113304e+03 3.045021082325848827e-15
6.883610778443113304e+03 3.043714091903637291e-15
6.886610778443113304e+03 3.042407101481425361e-15
6.889610778443113304e+03 3.041100111059213826e-15
6.892610778443113304e+03 3.039793120637002290e-15
6.895610778443113304e+03 3.038486130214790755e-15
6.898610778443113304e+03 3.037179139792579219e-15
6.901610778443113304e+03 3.035872149370367684e-15
6.904610778443113304e+03 3.034565158948156148e-15
6.907610778443113304e+03 3.033258168525944613e-15
6.910610778443113304e+03 3.031951178103732683e-15
6.913610778443113304e+03 3.030644187681521147e-15
6.916610778443113304e+03 3.029337197259309611e-15
6.919610778443113304e+03 3.028030206837098076e-15
6.922610778443113304e+03 3.026723216414886540e-15
6.925610778443113304e+03 3.025416225992675005e-15
6.928610778443113304e+03 3.024109235570463469e-15
6.931610778443113304e+03 3.022802245148251934e-15
6.934610778443113304e+03 3.021495254726040004e-15
6.937610778443113304e+03 3.020188264303828468e-15
6.940610778443113304e+03 3.010100070293148729e-15
6.943610778443113304e+03 2.985134890155794862e-15
6.946610778443113304e+03 2.949254375382199116e-15
6.949610778443113304e+03 2.932937996778468622e-15
6.952610778443113304e+03 2.945737594995558375e-15
6.955610778443113304e+03 2.892551979075190035e-15
6.958610778443113304e+03 2.850578111830428088e-15
6.961610778443113304e+03 2.901374226834252354e-15
6.964610778443113304e+03 2.927974097957850707e-15
6.967610778443113304e+03 2.927691243729040778e-15
6.970610778443113304e+03 2.963791794437469657e-15
6.973610778443113304e+03 2.970668384494328037e-15
6.976610778443113304e+03 2.929652733309232142e-15
6.979610778443113304e+03 2.898661197054492216e-15
6.982610778443113304e+03 2.913090310265023061e-15
6.985610778443113304e+03 2.954399724014662336e-15
6.988610778443113304e+03 2.957421554933706456e-15
6.991610778443113304e+03 2.922267765867881557e-15
6.994610778443113304e+03 2.887422126369775612e-15
6.997610778443113304e+03 2.897557216756740186e-15
7.000610778443113304e+03 2.916927823474276594e-15
7.003610778443113304e+03 2.927929604594586141e-15
7.006610778443113304e+03 2.979056021233899804e-15
7.009610778443113304e+03 2.978423894632770731e-15
7.012610778443113304e+03 2.901582713529674907e-15
7.015610778443113304e+03 2.897762426558301961e-15
7.018610778443113304e+03 2.899625399139821912e-15
7.021610778443113304e+03 2.864325104095086056e-15
7.024610778443113304e+03 2.880820937667789107e-15
7.027610778443113304e+03 2.913287235010694743e-15
7.030610778443113304e+03 2.919477211173229014e-15
7.033610778443113304e+03 2.942881562492572798e-15
7.036610778443113304e+03 2.949832306734930775e-15
7.039610778443113304e+03 2.877166601865917145e-15
7.042610778443113304e+03 2.846802989762189090e-15
7.045610778443113304e+03 2.872662790112125447e-15
7.048610778443113304e+03 2.859908963269971780e-15
7.051610778443113304e+03 2.815089304887242473e-15
7.054610778443113304e+03 2.787055476041708967e-15
7.057610778443113304e+03 2.834454747611708297e-15
7.060610778443113304e+03 2.896889847761518090e-15
7.063610778443113304e+03 2.904419795225316431e-15
7.066610778443113304e+03 2.901894493787306105e-15
7.069610778443113304e+03 2.882163596784728400e-15
7.072610778443113304e+03 2.836513381038867689e-15
7.075610778443113304e+03 2.848515245649288590e-15
7.078610778443113304e+03 2.851797060093561715e-15
7.081610778443113304e+03 2.790147824858792898e-15
7.084610778443113304e+03 2.800815451045704207e-15
7.087610778443113304e+03 2.842758428244081962e-15
7.090610778443113304e+03 2.820268805039550913e-15
7.093610778443113304e+03 2.787682740655024607e-15
7.096610778443113304e+03 2.780477970433861016e-15
7.099610778443113304e+03 2.798338012297727379e-15
7.102610778443113304e+03 2.824146886623295210e-15
7.105610778443113304e+03 2.840212869564474956e-15
7.108610778443113304e+03 2.826140217021855399e-15
7.111610778443113304e+03 2.781752265644693692e-15
7.114610778443113304e+03 2.742503813644935754e-15
7.117610778443113304e+03 2.751032367676465841e-15
7.120610778443113304e+03 2.797309756012109069e-15
7.123610778443113304e+03 2.833419215425630239e-15
7.126610778443113304e+03 2.825644306685872583e-15
7.129610778443113304e+03 2.800668804033766509e-15
7.132610778443113304e+03 2.785869642624788044e-15
7.135610778443113304e+03 2.789955795708522963e-15
7.138610778443113304e+03 2.819225952490537809e-15
7.141610778443113304e+03 2.851565796605761355e-15
7.144610778443113304e+03 2.834961025161154850e-15
7.147610778443113304e+03 2.821750229547815174e-15
7.150610778443113304e+03 2.866086127111803819e-15
7.153610778443113304e+03 2.905514688314674108e-15
7.156610778443113304e+03 2.923387548263943163e-15
7.159610778443113304e+03 2.918362769866300944e-15
7.162610778443113304e+03 2.918293236804978975e-15
7.165610778443113304e+03 2.930890902758743634e-15
7.168610778443113304e+03 2.917803858089211153e-15
7.171610778443113304e+03 2.906632969209204726e-15
7.174610778443113304e+03 2.876829261661181701e-15
7.177610778443113304e+03 2.873076970704449130e-15
7.180610778443113304e+03 2.931915127244228232e-15
7.183610778443113304e+03 3.000342074982418045e-15
7.186610778443113304e+03 2.977363167365095860e-15
7.189610778443113304e+03 2.897717138918746815e-15
7.192610778443113304e+03 2.808078875501121396e-15
7.195610778443113304e+03 2.757926293351025616e-15
7.198610778443113304e+03 2.762054572580203439e-15
7.201610778443113304e+03 2.781740045358633234e-15
7.204610778443113304e+03 2.755016906414991355e-15
7.207610778443113304e+03 2.725022057498013527e-15
7.210610778443113304e+03 2.771677596178920423e-15
7.213610778443113304e+03 2.795744895618409218e-15
7.216610778443113304e+03 2.816351227979866727e-15
7.219610778443113304e+03 2.867445621750818879e-15
7.222610778443113304e+03 2.893638153947841539e-15
7.225610778443113304e+03 2.883515869299154593e-15
7.228610778443113304e+03 2.869248496445752191e-15
7.231610778443113304e+03 2.855612098110248881e-15
7.234610778443113304e+03 2.840061621593706054e-15
7.237610778443113304e+03 2.860694648591527013e-15
7.240610778443113304e+03 2.885420820140965999e-15
7.243610778443113304e+03 2.877156458365469399e-15
7.246610778443113304e+03 2.885875495664697246e-15
7.249610778443113304e+03 2.916408319964065315e-15
7.252610778443113304e+03 2.886447913621829801e-15
7.255610778443113304e+03 2.829181802535304705e-15
7.258610778443113304e+03 2.851023161720958591e-15
7.261610778443113304e+03 2.910835353138589442e-15
7.264610778443113304e+03 2.931014917765745324e-15
7.267610778443113304e+03 2.865692713363477024e-15
7.270610778443113304e+03 2.829532881068928934e-15
7.273610778443113304e+03 2.869014154872890934e-15
7.276610778443113304e+03 2.895345467902152641e-15
7.279610778443113304e+03 2.875610794421065292e-15
7.282610778443113304e+03 2.843377020223028936e-15
7.285610778443113304e+03 2.859549393814614022e-15
7.288610778443113304e+03 2.831587160814897699e-15
7.291610778443113304e+03 2.775078605119033171e-15
7.294610778443113304e+03 2.764855597494535294e-15
7.297610778443113304e+03 2.792961159633441696e-15
7.300610778443113304e+03 2.797655377043479716e-15
7.303610778443113304e+03 2.745769213628084691e-15
7.306610778443113304e+03 2.766488103505678596e-15
7.309610778443113304e+03 2.792980583165666638e-15
7.312610778443113304e+03 2.749072784675561439e-15
7.315610778443113304e+03 2.717961048169562951e-15
7.318610778443113304e+03 2.696815529832235638e-15
7.321610778443113304e+03 2.677816740952290787e-15
7.324610778443113304e+03 2.673549372690232172e-15
7.327610778443113304e+03 2.694593061240322955e-15
7.330610778443113304e+03 2.715796277166858866e-15
7.333610778443113304e+03 2.709204585903914974e-15
7.336610778443113304e+03 2.680986627073425853e-15
7.339610778443113304e+03 2.686857728817250249e-15
7.342610778443113304e+03 2.693001526879035811e-15
7.345610778443113304e+03 2.697404428526818432e-15
7.348610778443113304e+03 2.753952762043191956e-15
7.351610778443113304e+03 2.747602521656844024e-15
7.354610778443113304e+03 2.648525256143718282e-15
7.357610778443113304e+03 2.601087567116687628e-15
7.360610778443113304e+03 2.598078008495528824e-15
7.363610778443113304e+03 2.595939689613157788e-15
7.366610778443113304e+03 2.614382270317232603e-15
7.369610778443113304e+03 2.642336024202348605e-15
7.372610778443113304e+03 2.670891555374850151e-15
7.375610778443113304e+03 2.667524761206544548e-15
7.378610778443113304e+03 2.648366992376436209e-15
7.381610778443113304e+03 2.659693966412371941e-15
7.384610778443113304e+03 2.668748134033434931e-15
7.387610778443113304e+03 2.669200112375491366e-15
7.390610778443113304e+03 2.681850164235620953e-15
7.393610778443113304e+03 2.662007533280042319e-15
7.396610778443113304e+03 2.619090543518923537e-15
7.399610778443113304e+03 2.624456430340638721e-15
7.402610778443113304e+03 2.638332076404570036e-15
7.405610778443113304e+03 2.639276191909867020e-15
7.408610778443113304e+03 2.656877318204578990e-15
7.411610778443113304e+03 2.684674375618828543e-15
7.414610778443113304e+03 2.698002565647395654e-15
7.417610778443113304e+03 2.686669310424488082e-15
7.420610778443113304e+03 2.661594708649299998e-15
7.423610778443113304e+03 2.644204122419837434e-15
7.426610778443113304e+03 2.645995344250782957e-15
7.429610778443113304e+03 2.660101436993465819e-15
7.432610778443113304e+03 2.668532299756856085e-15
7.435610778443113304e+03 2.676847853368035811e-15
7.438610778443113304e+03 2.690664990407730363e-15
7.441610778443113304e+03 2.708060049935600611e-15
7.444610778443113304e+03 2.714554410289374984e-15
7.447610778443113304e+03 2.697109326981135301e-15
7.450610778443113304e+03 2.660271493734440570e-15
7.453610778443113304e+03 2.627774881961079032e-15
7.456610778443113304e+03 2.616638369483183451e-15
7.459610778443113304e+03 2.622098917889423500e-15
7.462610778443113304e+03 2.640655517696440385e-15
7.465610778443113304e+03 2.662890320750421398e-15
7.468610778443113304e+03 2.664041943120152984e-15
7.471610778443113304e+03 2.658800685959358210e-15
7.474610778443113304e+03 2.671065452356925742e-15
7.477610778443113304e+03 2.687015890398499375e-15
7.480610778443113304e+03 2.686925923600812010e-15
7.483610778443113304e+03 2.660496106698601386e-15
7.486610778443113304e+03 2.625563438878408788e-15
7.489610778443113304e+03 2.598054739888339517e-15
7.492610778443113304e+03 2.579615322959024307e-15
7.495610778443113304e+03 2.580610034043397224e-15
7.498610778443113304e+03 2.593685661990343927e-15
7.501610778443113304e+03 2.594407103741921488e-15
7.504610778443113304e+03 2.590102139586857797e-15
7.507610778443113304e+03 2.597559430792680227e-15
7.510610778443113304e+03 2.620790936700937114e-15
7.513610778443113304e+03 2.598365169046703936e-15
7.516610778443113304e+03 2.514246147363382391e-15
7.519610778443113304e+03 2.484568963776984220e-15
7.522610778443113304e+03 2.505924183445738458e-15
7.525610778443113304e+03 2.505499481221590833e-15
7.528610778443113304e+03 2.507547790299996204e-15
7.531610778443113304e+03 2.525775769153621832e-15
7.534610778443113304e+03 2.549748131160266488e-15
7.537610778443113304e+03 2.565397160746282881e-15
7.540610778443113304e+03 2.561237722723963328e-15
7.543610778443113304e+03 2.530650815760897032e-15
7.546610778443113304e+03 2.514266172867599744e-15
7.549610778443113304e+03 2.490497451127379072e-15
7.552610778443113304e+03 2.491309769160643605e-15
7.555610778443113304e+03 2.492122087193907744e-15
7.558610778443113304e+03 2.492934405227172277e-15
7.561610778443113304e+03 2.493746723260436415e-15
7.564610778443113304e+03 2.494559041293700948e-15
7.567610778443113304e+03 2.495371359326965087e-15
7.570610778443113304e+03 2.496183677360229619e-15
7.573610778443113304e+03 2.496995995393494152e-15
7.576610778443113304e+03 2.497808313426758291e-15
7.579610778443113304e+03 2.498620631460022824e-15
7.582610778443113304e+03 2.499432949493286962e-15
7.585610778443113304e+03 2.500245267526551495e-15
7.588610778443113304e+03 2.501057585559815634e-15
7.591610778443113304e+03 2.501869903593080167e-15
7.594610778443113304e+03 2.502682221626344700e-15
7.597610778443113304e+03 2.503494539659608838e-15
7.600610778443113304e+03 2.504306857692873371e-15
7.603610778443113304e+03 2.505119175726137510e-15
7.606610778443113304e+03 2.505931493759402043e-15
7.609610778443113304e+03 2.506743811792666181e-15
7.612610778443113304e+03 2.507556129825930714e-15
7.615610778443113304e+03 2.508368447859195247e-15
7.618610778443113304e+03 2.509180765892459386e-15
7.621610778443113304e+03 2.509993083925723918e-15
7.624610778443113304e+03 2.510805401958988057e-15
7.627610778443113304e+03 2.511617719992252590e-15
7.630610778443113304e+03 2.512430038025516728e-15
7.633610778443113304e+03 2.513242356058781261e-15
7.636610778443113304e+03 2.514054674092045400e-15
7.639610778443113304e+03 2.514866992125309933e-15
7.642610778443113304e+03 2.515679310158574466e-15
7.645610778443113304e+03 2.516491628191838604e-15
7.648610778443113304e+03 2.517303946225103137e-15
7.651610778443113304e+03 2.518116264258367276e-15
7.654610778443113304e+03 2.518928582291631809e-15
7.657610778443113304e+03 2.519740900324895947e-15
7.660610778443113304e+03 2.520553218358160480e-15
7.663610778443113304e+03 2.521365536391425013e-15
7.666610778443113304e+03 2.522177854424689152e-15
7.669610778443113304e+03 2.522990172457953685e-15
7.672610778443113304e+03 2.523802490491217823e-15
7.675610778443113304e+03 2.524614808524482356e-15
7.678610778443113304e+03 2.525427126557746494e-15
7.681610778443113304e+03 2.526239444591011027e-15
7.684610778443113304e+03 2.527051762624275560e-15
7.687610778443113304e+03 2.527864080657539699e-15
7.690610778443113304e+03 2.528676398690804232e-15
7.693610778443113304e+03 2.529488716724068370e-15
7.696610778443113304e+03 2.530301034757332903e-15
7.699610778443113304e+03 2.531113352790597042e-15
7.702610778443113304e+03 2.531925670823861575e-15
7.705610778443113304e+03 2.532737988857126108e-15
7.708610778443113304e+03 2.533550306890390246e-15
7.711610778443113304e+03 2.534362624923654779e-15
7.714610778443113304e+03 2.535174942956918918e-15
7.717610778443113304e+03 2.535987260990183451e-15
7.720610778443113304e+03 2.536799579023447589e-15
7.723610778443113304e+03 2.537611897056712122e-15
7.726610778443113304e+03 2.538424215089976655e-15
7.729610778443113304e+03 2.539236533123240793e-15
7.732610778443113304e+03 2.540048851156505326e-15
7.735610778443113304e+03 2.540861169189769465e-15
7.738610778443113304e+03 2.541673487223033998e-15
7.741610778443113304e+03 2.542485805256298136e-15
7.744610778443113304e+03 2.543298123289562669e-15
7.747610778443113304e+03 2.544110441322827202e-15
7.750610778443113304e+03 2.544922759356091341e-15
7.753610778443113304e+03 2.545735077389355874e-15
7.756610778443113304e+03 2.546547395422620012e-15
7.759610778443113304e+03 2.547359713455884545e-15
7.762610778443113304e+03 2.548172031489148684e-15
7.765610778443113304e+03 2.548984349522413217e-15
7.768610778443113304e+03 2.543354610686087081e-15
7.771610778443113304e+03 2.526132560371798647e-15
7.774610778443113304e+03 2.523520155968967320e-15
7.777610778443113304e+03 2.529695551716858019e-15
7.780610778443113304e+03 2.501423388511475983e-15
7.783610778443113304e+03 2.468496779113424833e-15
7.786610778443113304e+03 2.468569922516661345e-15
7.789610778443113304e+03 2.498997064409133239e-15
7.792610778443113304e+03 2.515082468892534925e-15
7.795610778443113304e+03 2.486986140759163559e-15
7.798610778443113304e+03 2.477656361315262637e-15
7.801610778443113304e+03 2.483567547721910410e-15
7.804610778443113304e+03 2.471502871542800026e-15
7.807610778443113304e+03 2.484981722495698427e-15
7.810610778443113304e+03 2.503730942501718916e-15
7.813610778443113304e+03 2.497322989298536970e-15
7.816610778443113304e+03 2.497455248827034660e-15
7.819610778443113304e+03 2.509858556346645112e-15
7.822610778443113304e+03 2.516095057439028649e-15
7.825610778443113304e+03 2.517009418364381279e-15
7.828610778443113304e+03 2.503097678156464814e-15
7.831610778443113304e+03 2.444929393940911421e-15
7.834610778443113304e+03 2.404076150101948154e-15
7.837610778443113304e+03 2.406597942236785982e-15
7.840610778443113304e+03 2.420631891174232578e-15
7.843610778443113304e+03 2.418591440351977369e-15
7.846610778443113304e+03 2.394374276659944303e-15
7.849610778443113304e+03 2.398741594260149951e-15
7.852610778443113304e+03 2.422127701431335452e-15
7.855610778443113304e+03 2.417199834120737945e-15
7.858610778443113304e+03 2.399535579284350065e-15
7.861610778443113304e+03 2.387864127178935347e-15
7.864610778443113304e+03 2.371340651260591714e-15
7.867610778443113304e+03 2.355229821251733567e-15
7.870610778443113304e+03 2.373678725764205235e-15
7.873610778443113304e+03 2.440150559396338706e-15
7.876610778443113304e+03 2.482821046296490720e-15
7.879610778443113304e+03 2.456178871683038501e-15
7.882610778443113304e+03 2.408968669521953070e-15
7.885610778443113304e+03 2.356467026584649146e-15
7.888610778443113304e+03 2.291656864419448092e-15
7.891610778443113304e+03 2.274513831248180350e-15
7.894610778443113304e+03 2.307078884519241159e-15
7.897610778443113304e+03 2.330371850797788545e-15
7.900610778443113304e+03 2.330458252151271737e-15
7.903610778443113304e+03 2.337230946614991686e-15
7.906610778443113304e+03 2.370636632393708109e-15
7.909610778443113304e+03 2.355976342635288406e-15
7.912610778443113304e+03 2.306946114769244435e-15
7.915610778443113304e+03 2.312026054661468371e-15
7.918610778443113304e+03 2.320111683351014309e-15
7.921610778443113304e+03 2.309898019883157360e-15
7.924610778443113304e+03 2.295476174153779714e-15
7.927610778443113304e+03 2.295832827938062308e-15
7.930610778443113304e+03 2.307931302623683703e-15
7.933610778443113304e+03 2.280613677322546848e-15
7.936610778443113304e+03 2.213784459666804321e-15
7.939610778443113304e+03 2.158560056463790283e-15
7.942610778443113304e+03 2.146187355392062643e-15
7.945610778443113304e+03 2.192682905924582288e-15
7.948610778443113304e+03 2.277079651759563301e-15
7.951610778443113304e+03 2.279926711810989314e-15
7.954610778443113304e+03 2.209440221544234098e-15
7.957610778443113304e+03 2.200277292726545493e-15
7.960610778443113304e+03 2.223642507320500540e-15
7.963610778443113304e+03 2.236337189003584743e-15
7.966610778443113304e+03 2.256598395535776498e-15
7.969610778443113304e+03 2.260471947041876398e-15
7.972610778443113304e+03 2.232572444097179718e-15
7.975610778443113304e+03 2.196408755326621109e-15
7.978610778443113304e+03 2.183804456070836961e-15
7.981610778443113304e+03 2.182031425418559557e-15
7.984610778443113304e+03 2.172806019810367133e-15
7.987610778443113304e+03 2.156977336133985464e-15
7.990610778443113304e+03 2.157284891877506436e-15
7.993610778443113304e+03 2.187192944262642453e-15
7.996610778443113304e+03 2.222656224383840074e-15
7.999610778443113304e+03 2.237118630765200800e-15
8.002610778443113304e+03 2.247222602303041730e-15
8.005610778443113304e+03 2.258544690815509177e-15
8.008610778443113304e+03 2.209662207069985702e-15
8.011610778443113304e+03 2.160276167160601244e-15
8.014610778443113304e+03 2.188958194793311644e-15
8.017610778443113304e+03 2.203980955884570437e-15
8.020610778443113304e+03 2.168452948090043725e-15
8.023610778443113304e+03 2.128428045172548446e-15
8.026610778443113304e+03 2.155652889749868876e-15
8.029610778443113304e+03 2.204829508363149973e-15
8.032610778443113304e+03 2.181088359826159124e-15
8.035610778443113304e+03 2.112912251359041523e-15
8.038610778443113304e+03 2.053094936315618729e-15
8.041610778443113304e+03 2.079224550786572282e-15
8.044610778443113304e+03 2.122856487284269604e-15
8.047610778443113304e+03 2.115060232883655062e-15
8.050610778443113304e+03 2.112643654109268045e-15
8.053610778443113304e+03 2.114522573807142345e-15
8.056610778443113304e+03 2.107324733753240867e-15
8.059610778443113304e+03 2.125502378621135322e-15
8.062610778443113304e+03 2.164574436652966103e-15
8.065610778443113304e+03 2.174692722808115802e-15
8.068610778443113304e+03 2.148437868984172225e-15
8.071610778443113304e+03 2.122843402490309807e-15
8.074610778443113304e+03 2.115171483568305950e-15
8.077610778443113304e+03 2.084271758736075938e-15
8.080610778443113304e+03 2.036337343858117487e-15
8.083610778443113304e+03 2.026005754246760045e-15
8.086610778443113304e+03 2.021574546607644292e-15
8.089610778443113304e+03 2.005694920618039347e-15
8.092610778443113304e+03 2.012814255591903721e-15
8.095610778443113304e+03 2.023912470412856798e-15
8.098610778443113304e+03 2.017381657700446946e-15
8.101610778443113304e+03 2.058539987956879562e-15
8.104610778443113304e+03 2.119787096228100046e-15
8.107610778443113304e+03 2.094613763530986815e-15
8.110610778443113304e+03 2.037776237734875090e-15
8.113610778443113304e+03 2.048751411949885238e-15
8.116610778443113304e+03 2.100850529914219376e-15
8.119610778443113304e+03 2.090125260827242509e-15
8.122610778443113304e+03 2.020010557601334863e-15
8.125610778443113304e+03 2.013050390495132266e-15
8.128610778443113304e+03 2.078077224755326254e-15
8.131610778443113304e+03 2.147564701331103455e-15
8.134610778443113304e+03 2.207931116166452493e-15
8.137610778443113304e+03 2.205362172093455808e-15
8.140610778443113304e+03 2.150323016329130886e-15
8.143610778443113304e+03 2.154887771122656948e-15
8.146610778443113304e+03 2.229509955022970665e-15
8.149610778443113304e+03 2.201283460609239165e-15
8.152610778443113304e+03 2.126368221153449344e-15
8.155610778443113304e+03 2.132654334772371092e-15
8.158610778443113304e+03 2.156883277866344102e-15
8.161610778443113304e+03 2.197164383779320570e-15
8.164610778443113304e+03 2.178052433170286747e-15
8.167610778443113304e+03 2.195701331740539072e-15
8.170610778443113304e+03 2.247911197858939263e-15
8.173610778443113304e+03 2.222928074585723350e-15
8.176610778443113304e+03 2.189935595652650509e-15
8.179610778443113304e+03 2.199332736699107472e-15
8.182610778443113304e+03 2.204272173942415821e-15
8.185610778443113304e+03 2.152941484725630196e-15
8.188610778443113304e+03 2.103500653425792805e-15
8.191610778443113304e+03 2.160523419645993173e-15
8.194610778443113304e+03 2.201672409977804707e-15
8.197610778443113304e+03 2.138083109818729287e-15
8.200610778443113304e+03 2.124201924812129356e-15
8.203610778443113304e+03 2.139412719273124720e-15
8.206610778443113304e+03 2.171546561096299113e-15
8.209610778443113304e+03 2.227137099999165648e-15
8.212610778443113304e+03 2.292957269273430104e-15
8.215610778443113304e+03 2.269757623232412051e-15
8.218610778443113304e+03 2.192853585633388521e-15
8.221610778443113304e+03 2.151800787753950335e-15
8.224610778443113304e+03 2.091431053691906463e-15
8.227610778443113304e+03 2.060970379397721631e-15
8.230610778443113304e+03 2.062898402233261620e-15
8.233610778443113304e+03 2.126773145619492341e-15
8.236610778443113304e+03 2.157118288291564477e-15
8.239610778443113304e+03 2.127549171939391048e-15
8.242610778443113304e+03 2.131464422453494796e-15
8.245610778443113304e+03 2.124895628916494295e-15
8.248610778443113304e+03 2.087420121127690355e-15
8.251610778443113304e+03 2.073794447868827289e-15
8.254610778443113304e+03 2.092233876351117741e-15
8.257610778443113304e+03 2.075218115714987798e-15
8.260610778443113304e+03 2.046570136394112875e-15
8.263610778443113304e+03 2.031377664575479546e-15
8.266610778443113304e+03 2.073353942857915794e-15
8.269610778443113304e+03 2.082339531664706659e-15
8.272610778443113304e+03 2.064119646673165073e-15
8.275610778443113304e+03 2.090149862501790594e-15
8.278610778443113304e+03 2.088969298643793714e-15
8.281610778443113304e+03 2.043881785185357924e-15
8.284610778443113304e+03 2.005082973905621244e-15
8.287610778443113304e+03 1.972975049395603635e-15
8.290610778443113304e+03 1.896220950335056543e-15
8.293610778443113304e+03 1.844668859758562281e-15
8.296610778443113304e+03 1.841245653373588989e-15
8.299610778443113304e+03 1.832895518670615430e-15
8.302610778443113304e+03 1.857126751611983675e-15
8.305610778443113304e+03 1.878285964000227207e-15
8.308610778443113304e+03 1.833448411967566352e-15
8.311610778443113304e+03 1.739758664272894811e-15
8.314610778443113304e+03 1.689633374222516627e-15
8.317610778443113304e+03 1.730863156788441655e-15
8.320610778443113304e+03 1.722302327079074447e-15
8.323610778443113304e+03 1.655258795744019902e-15
8.326610778443113304e+03 1.643931506298254421e-15
8.329610778443113304e+03 1.609073055097946524e-15
8.332610778443113304e+03 1.526602314128185217e-15
8.335610778443113304e+03 1.499876626029911401e-15
8.338610778443113304e+03 1.520543493621145305e-15
8.341610778443113304e+03 1.523497090135859535e-15
8.344610778443113304e+03 1.481978814326049790e-15
8.347610778443113304e+03 1.453099761964566507e-15
8.350610778443113304e+03 1.472847541607105213e-15
8.353610778443113304e+03 1.493361432689016409e-15
8.356610778443113304e+03 1.476370063999587855e-15
8.359610778443113304e+03 1.415902082481247408e-15
8.362610778443113304e+03 1.366988384250251851e-15
8.365610778443113304e+03 1.364075015725569787e-15
8.368610778443113304e+03 1.385042467942248114e-15
8.371610778443113304e+03 1.384733133571798046e-15
8.374610778443113304e+03 1.347167503212123094e-15
8.377610778443113304e+03 1.332134070274841576e-15
8.380610778443113304e+03 1.325543150471573815e-15
8.383610778443113304e+03 1.277312332038432768e-15
8.386610778443113304e+03 1.240927393793394949e-15
8.389610778443113304e+03 1.224989870744198003e-15
8.392610778443113304e+03 1.203462315299482378e-15
8.395610778443113304e+03 1.172317471563339445e-15
8.398610778443113304e+03 1.153840226578256844e-15
8.401610778443113304e+03 1.165518048364918940e-15
8.404610778443113304e+03 1.183483360157589797e-15
8.407610778443113304e+03 1.191921693231266703e-15
8.410610778443113304e+03 1.207389166842511291e-15
8.413610778443113304e+03 1.254064663197626635e-15
8.416610778443113304e+03 1.321936015475593854e-15
8.419610778443113304e+03 1.346804033024819869e-15
8.422610778443113304e+03 1.361592547001222220e-15
8.425610778443113304e+03 1.417793054352591274e-15
8.428610778443113304e+03 1.463929910724425289e-15
8.431610778443113304e+03 1.495254711266059364e-15
8.434610778443113304e+03 1.542527727425707502e-15
8.437610778443113304e+03 1.591815650631203596e-15
8.440610778443113304e+03 1.640141588905003253e-15
8.443610778443113304e+03 1.697551419140475976e-15
8.446610778443113304e+03 1.733031328208634577e-15
8.449610778443113304e+03 1.728668998085055661e-15
8.452610778443113304e+03 1.710281737092967828e-15
8.455610778443113304e+03 1.720040452734150046e-15
8.458610778443113304e+03 1.771016728990317136e-15
8.461610778443113304e+03 1.819838896069051881e-15
8.464610778443113304e+03 1.856375764072505839e-15
8.467610778443113304e+03 1.876034250027002571e-15
8.470610778443113304e+03 1.836399323279579311e-15
8.473610778443113304e+03 1.781525054945312693e-15
8.476610778443113304e+03 1.793459867290550904e-15
8.479610778443113304e+03 1.847790366596255633e-15
8.482610778443113304e+03 1.875161184991743060e-15
8.485610778443113304e+03 1.816800693079457908e-15
8.488610778443113304e+03 1.754095515561387010e-15
8.491610778443113304e+03 1.752665729736481724e-15
8.494610778443113304e+03 1.772624798391102133e-15
8.497610778443113304e+03 1.779239481612214153e-15
8.500610778443113304e+03 1.763629931238920288e-15
8.503610778443113304e+03 1.749679587707517493e-15
8.506610778443113304e+03 1.723022340194342307e-15
8.509610778443113304e+03 1.672753191742745825e-15
8.512610778443113304e+03 1.669088081252635210e-15
8.515610778443113304e+03 1.707115768929138865e-15
8.518610778443113304e+03 1.719103856637030114e-15
8.521610778443113304e+03 1.699897533125019547e-15
8.524610778443113304e+03 1.670518014163157753e-15
8.527610778443113304e+03 1.651293185498743971e-15
8.530610778443113304e+03 1.640445558330099076e-15
8.533610778443113304e+03 1.627456024621083827e-15
8.536610778443113304e+03 1.605862345469108560e-15
8.539610778443113304e+03 1.590058857994233047e-15
8.542610778443113304e+03 1.598583481594304258e-15
8.545610778443113304e+03 1.638502351716110172e-15
8.548610778443113304e+03 1.675928965303949279e-15
8.551610778443113304e+03 1.670599794955267452e-15
8.554610778443113304e+03 1.637184721055458863e-15
8.557610778443113304e+03 1.612333914819394039e-15
8.560610778443113304e+03 1.626218875363161615e-15
8.563610778443113304e+03 1.676197553955056650e-15
8.566610778443113304e+03 1.731565631600371437e-15
8.569610778443113304e+03 1.759566437685265329e-15
8.572610778443113304e+03 1.774493077212357456e-15
8.575610778443113304e+03 1.803686755092030605e-15
8.578610778443113304e+03 1.856147592360914787e-15
8.581610778443113304e+03 1.898299301242878981e-15
8.584610778443113304e+03 1.906475796212936491e-15
8.587610778443113304e+03 1.921918730979810319e-15
8.590610778443113304e+03 1.956030405459506627e-15
8.593610778443113304e+03 1.995651899497591893e-15
8.596610778443113304e+03 2.035308117753876223e-15
8.599610778443113304e+03 2.041628541426048581e-15
8.602610778443113304e+03 1.993661392489281237e-15
8.605610778443113304e+03 1.994734096257515305e-15
8.608610778443113304e+03 2.056423779085621568e-15
8.611610778443113304e+03 2.064477782344550203e-15
8.614610778443113304e+03 2.037103945227271604e-15
8.617610778443113304e+03 2.010238095106827593e-15
8.620610778443113304e+03 1.977091218655984665e-15
8.623610778443113304e+03 1.988128419081702514e-15
8.626610778443113304e+03 2.053962814449275136e-15
8.629610778443113304e+03 2.067526646538449263e-15
8.632610778443113304e+03 2.043700969465687431e-15
8.635610778443113304e+03 2.055708769482113855e-15
8.638610778443113304e+03 2.054130709443079960e-15
8.641610778443113304e+03 2.036533750050083297e-15
8.644610778443113304e+03 2.048609521097163584e-15
8.647610778443113304e+03 2.047974219205817888e-15
8.650610778443113304e+03 2.033772984686463848e-15
8.653610778443113304e+03 2.086199439710742022e-15
8.656610778443113304e+03 2.132815016251921393e-15
8.659610778443113304e+03 2.105304639588709682e-15
8.662610778443113304e+03 2.063243003438618484e-15
8.665610778443113304e+03 2.063290647084612598e-15
8.668610778443113304e+03 2.108497285031327581e-15
8.671610778443113304e+03 2.102976138108633810e-15
8.674610778443113304e+03 2.079346322463635511e-15
8.677610778443113304e+03 2.129157169129730806e-15
8.680610778443113304e+03 2.146732008530654771e-15
8.683610778443113304e+03 2.091543028882678229e-15
8.686610778443113304e+03 2.035669957201465659e-15
8.689610778443113304e+03 2.005201931065075789e-15
8.692610778443113304e+03 1.994595545339425274e-15
8.695610778443113304e+03 1.986423477760966830e-15
8.698610778443113304e+03 2.002664211673011590e-15
8.701610778443113304e+03 2.051938289775442738e-15
8.704610778443113304e+03 2.063609328490499021e-15
8.707610778443113304e+03 2.036327021163354715e-15
8.710610778443113304e+03 2.013636700948037970e-15
8.713610778443113304e+03 2.018431106069286503e-15
8.716610778443113304e+03 2.038305824328260233e-15
8.719610778443113304e+03 2.045278700199146568e-15
8.722610778443113304e+03 2.016045036228677877e-15
8.725610778443113304e+03 1.954825019139882832e-15
8.728610778443113304e+03 1.908962898200935684e-15
8.731610778443113304e+03 1.866981743727201229e-15
8.734610778443113304e+03 1.822611737267183413e-15
8.737610778443113304e+03 1.800874338716813629e-15
8.740610778443113304e+03 1.779734893500763673e-15
8.743610778443113304e+03 1.755128256853945305e-15
8.746610778443113304e+03 1.776612831504265226e-15
8.749610778443113304e+03 1.807466132674117447e-15
8.752610778443113304e+03 1.791697676328373853e-15
8.755610778443113304e+03 1.777298468946492617e-15
8.758610778443113304e+03 1.783446616226269720e-15
8.761610778443113304e+03 1.793186481254251860e-15
8.764610778443113304e+03 1.805578138422049406e-15
8.767610778443113304e+03 1.811959829605110030e-15
8.770610778443113304e+03 1.801702522468901535e-15
8.773610778443113304e+03 1.789480819258997600e-15
8.776610778443113304e+03 1.785677624595991091e-15
8.779610778443113304e+03 1.781776423817785227e-15
8.782610778443113304e+03 1.811951061351434688e-15
8.785610778443113304e+03 1.823404905059519468e-15
8.788610778443113304e+03 1.786267003390602940e-15
8.791610778443113304e+03 1.767173352101615842e-15
8.794610778443113304e+03 1.776371246957105415e-15
8.797610778443113304e+03 1.756781153821341731e-15
8.800610778443113304e+03 1.722358119025561134e-15
8.803610778443113304e+03 1.735748469386449559e-15
8.806610778443113304e+03 1.747556320764858051e-15
8.809610778443113304e+03 1.755325976198208720e-15
8.812610778443113304e+03 1.801356007768802063e-15
8.815610778443113304e+03 1.842208335746252472e-15
8.818610778443113304e+03 1.862706715647113299e-15
8.821610778443113304e+03 1.891551113536965881e-15
8.824610778443113304e+03 1.887525691835174567e-15
8.827610778443113304e+03 1.835473153670593901e-15
8.830610778443113304e+03 1.814237445756463708e-15
8.833610778443113304e+03 1.828191439415818493e-15
8.836610778443113304e+03 1.846014961999685174e-15
8.839610778443113304e+03 1.850237431375373008e-15
8.842610778443113304e+03 1.816132549090557883e-15
8.845610778443113304e+03 1.747379054281237057e-15
8.848610778443113304e+03 1.709366702648776611e-15
8.851610778443113304e+03 1.724962481608557275e-15
8.854610778443113304e+03 1.775872312963274521e-15
8.857610778443113304e+03 1.829862697086289812e-15
8.860610778443113304e+03 1.863822391877337833e-15
8.863610778443113304e+03 1.886892462826866616e-15
8.866610778443113304e+03 1.879174644149798135e-15
8.869610778443113304e+03 1.856853776899492552e-15
8.872610778443113304e+03 1.803704431907555297e-15
8.875610778443113304e+03 1.723589360386132016e-15
8.878610778443113304e+03 1.650264571133393030e-15
8.881610778443113304e+03 1.623491300947213137e-15
8.884610778443113304e+03 1.607151717215545021e-15
8.887610778443113304e+03 1.546924327916229351e-15
8.890610778443113304e+03 1.553673536097670777e-15
8.893610778443113304e+03 1.605761238224381445e-15
8.896610778443113304e+03 1.574630396287478030e-15
8.899610778443113304e+03 1.559099231468113899e-15
8.902610778443113304e+03 1.605309974345283760e-15
8.905610778443113304e+03 1.647130039265637351e-15
8.908610778443113304e+03 1.644082229986676610e-15
8.911610778443113304e+03 1.612659331554837529e-15
8.914610778443113304e+03 1.676918833533348478e-15
8.917610778443113304e+03 1.748932502889780064e-15
8.920610778443113304e+03 1.739069399284029039e-15
8.923610778443113304e+03 1.736120331626221015e-15
8.926610778443113304e+03 1.748525584216329841e-15
8.929610778443113304e+03 1.725948716568651297e-15
8.932610778443113304e+03 1.731388296950392155e-15
8.935610778443113304e+03 1.752445907363169370e-15
8.938610778443113304e+03 1.696213389323103688e-15
8.941610778443113304e+03 1.683528578467375813e-15
8.944610778443113304e+03 1.760318129363024912e-15
8.947610778443113304e+03 1.720428041334161983e-15
8.950610778443113304e+03 1.640751017469915312e-15
8.953610778443113304e+03 1.676929749870314286e-15
8.956610778443113304e+03 1.690095113854862179e-15
8.959610778443113304e+03 1.688503028818160118e-15
8.962610778443113304e+03 1.754735078189823650e-15
8.965610778443113304e+03 1.750878904306927876e-15
8.968610778443113304e+03 1.761987806282389309e-15
8.971610778443113304e+03 1.792914728288118701e-15
8.974610778443113304e+03 1.747289622166676003e-15
8.977610778443113304e+03 1.737673898149876217e-15
8.980610778443113304e+03 1.836499222818924143e-15
8.983610778443113304e+03 1.957400949495338899e-15
8.986610778443113304e+03 1.913284151918425947e-15
8.989610778443113304e+03 1.899519394448707180e-15
8.992610778443113304e+03 1.877254019597542839e-15
8.995610778443113304e+03 1.793308512604144448e-15
8.998610778443113304e+03 1.790754578115190143e-15
9.001610778443113304e+03 1.814169880228256977e-15
9.004610778443113304e+03 1.814015316767282223e-15
9.007610778443113304e+03 1.792182737890659466e-15
9.010610778443113304e+03 1.733864685682372848e-15
9.013610778443113304e+03 1.677033226032913336e-15
9.016610778443113304e+03 1.636339822685168446e-15
9.019610778443113304e+03 1.641021974049490283e-15
9.022610778443113304e+03 1.672164620615161520e-15
9.025610778443113304e+03 1.716497454100637284e-15
9.028610778443113304e+03 1.758878969941123055e-15
9.031610778443113304e+03 1.742739441598930037e-15
9.034610778443113304e+03 1.750926668853440218e-15
9.037610778443113304e+03 1.801148615466593815e-15
9.040610778443113304e+03 1.787873877314677731e-15
9.043610778443113304e+03 1.760213800530458241e-15
9.046610778443113304e+03 1.744499597629500906e-15
9.049610778443113304e+03 1.727078635124541515e-15
9.052610778443113304e+03 1.729604152207938828e-15
9.055610778443113304e+03 1.710636890651243029e-15
9.058610778443113304e+03 1.639285613946355033e-15
9.061610778443113304e+03 1.615388022120626108e-15
9.064610778443113304e+03 1.658677911624233588e-15
9.067610778443113304e+03 1.623854576836370678e-15
9.070610778443113304e+03 1.542471336346340971e-15
9.073610778443113304e+03 1.539308531250342393e-15
9.076610778443113304e+03 1.560764720392776686e-15
9.079610778443113304e+03 1.537813874641233680e-15
9.082610778443113304e+03 1.501233709339262395e-15
9.085610778443113304e+03 1.458407187282360850e-15
9.088610778443113304e+03 1.399840062116237779e-15
9.091610778443113304e+03 1.436269804065700361e-15
9.094610778443113304e+03 1.480260833585867593e-15
9.097610778443113304e+03 1.444257562481343803e-15
9.100610778443113304e+03 1.468091349221639338e-15
9.103610778443113304e+03 1.487209846166365548e-15
9.106610778443113304e+03 1.510878091079097188e-15
9.109610778443113304e+03 1.573737580989983016e-15
9.112610778443113304e+03 1.601230438913186437e-15
9.115610778443113304e+03 1.586447394827839241e-15
9.118610778443113304e+03 1.523304124063105765e-15
9.121610778443113304e+03 1.469099696336799159e-15
9.124610778443113304e+03 1.463558126692427120e-15
9.127610778443113304e+03 1.472793672484446370e-15
9.130610778443113304e+03 1.490278162997406349e-15
9.133610778443113304e+03 1.524314457240999510e-15
9.136610778443113304e+03 1.491613984921428533e-15
9.139610778443113304e+03 1.439202137224775508e-15
9.142610778443113304e+03 1.533152688686636112e-15
9.145610778443113304e+03 1.655868271023511270e-15
9.148610778443113304e+03 1.631195068987024363e-15
9.151610778443113304e+03 1.642315736876301926e-15
9.154610778443113304e+03 1.742376699878830696e-15
9.157610778443113304e+03 1.809899313523959412e-15
9.160610778443113304e+03 1.791875545319436063e-15
9.163610778443113304e+03 1.768635498195347660e-15
9.166610778443113304e+03 1.712104682307189081e-15
9.169610778443113304e+03 1.653823984189725656e-15
9.172610778443113304e+03 1.683395583650309583e-15
9.175610778443113304e+03 1.709938623599748804e-15
9.178610778443113304e+03 1.675326522837832823e-15
9.181610778443113304e+03 1.664235986787187784e-15
9.184610778443113304e+03 1.703357219599252192e-15
9.187610778443113304e+03 1.768247088711847748e-15
9.190610778443113304e+03 1.818868706194354488e-15
9.193610778443113304e+03 1.832429115648821371e-15
9.196610778443113304e+03 1.844688132122257057e-15
9.199610778443113304e+03 1.884987345294644649e-15
9.202610778443113304e+03 1.880365085286178149e-15
9.205610778443113304e+03 1.860099231744995952e-15
9.208610778443113304e+03 1.859460748080433115e-15
9.211610778443113304e+03 1.856337524422983903e-15
9.214610778443113304e+03 1.839581799250709815e-15
9.217610778443113304e+03 1.823944822252246530e-15
9.220610778443113304e+03 1.834997631831776113e-15
9.223610778443113304e+03 1.854365397708803826e-15
9.226610778443113304e+03 1.839996048505459078e-15
9.229610778443113304e+03 1.804708940376584335e-15
9.232610778443113304e+03 1.776115621560649042e-15
9.235610778443113304e+03 1.774245477031750915e-15
9.238610778443113304e+03 1.761984643033415950e-15
9.241610778443113304e+03 1.684573813072942558e-15
9.244610778443113304e+03 1.653912199016685164e-15
9.247610778443113304e+03 1.684001163853632201e-15
9.250610778443113304e+03 1.722195291681553970e-15
9.253610778443113304e+03 1.734799097000791338e-15
9.256610778443113304e+03 1.737954843317468438e-15
9.259610778443113304e+03 1.792317174752833331e-15
9.262610778443113304e+03 1.845121812428183644e-15
9.265610778443113304e+03 1.873163284999465598e-15
9.268610778443113304e+03 1.854236607598865720e-15
9.271610778443113304e+03 1.791189483121859759e-15
9.274610778443113304e+03 1.800291202288487945e-15
9.277610778443113304e+03 1.914475595309765862e-15
9.280610778443113304e+03 1.932117651556206375e-15
9.283610778443113304e+03 1.836862717550513068e-15
9.286610778443113304e+03 1.800178538235200480e-15
9.289610778443113304e+03 1.787480075512587611e-15
9.292610778443113304e+03 1.762799390741697752e-15
9.295610778443113304e+03 1.822650460302048984e-15
9.298610778443113304e+03 1.892685433573651554e-15
9.301610778443113304e+03 1.853922130909856361e-15
9.304610778443113304e+03 1.928368988871878024e-15
9.307610778443113304e+03 1.970452855458036090e-15
9.310610778443113304e+03 1.807979336375548955e-15
9.313610778443113304e+03 1.775845388049697503e-15
9.316610778443113304e+03 1.905577090972397900e-15
9.319610778443113304e+03 2.023445980709208148e-15
9.322610778443113304e+03 2.034991135084008710e-15
9.325610778443113304e+03 1.873591433339085982e-15
9.328610778443113304e+03 1.841594993964932353e-15
9.331610778443113304e+03 1.987551754380626848e-15
9.334610778443113304e+03 2.143676665091367809e-15
9.337610778443113304e+03 2.145063387011657603e-15
9.340610778443113304e+03 1.905823505958222275e-15
9.343610778443113304e+03 1.925741322688537528e-15
9.346610778443113304e+03 2.158100987380575060e-15
9.349610778443113304e+03 2.225674122520904204e-15
9.352610778443113304e+03 2.293237475600205832e-15
9.355610778443113304e+03 2.264665062962994178e-15
9.358610778443113304e+03 1.894010897817467231e-15
9.361610778443113304e+03 1.666376110790878005e-15
9.364610778443113304e+03 1.568283318361428328e-15
9.367610778443113304e+03 1.585984636014573476e-15
9.370610778443113304e+03 1.670615106291198272e-15
9.373610778443113304e+03 1.690776289123673068e-15
9.376610778443113304e+03 1.673337612072812223e-15
