3.693743778774021848e+03 1.009094802670499345e-14
3.696743778774021848e+03 1.032111154995372139e-14
3.699743778774021848e+03 1.039269148517407261e-14
3.702743778774021848e+03 1.039740430585293348e-14
3.705743778774021848e+03 1.060621255671384406e-14
3.708743778774021848e+03 1.042632958622212543e-14
3.711743778774021848e+03 1.019882249581647092e-14
3.714743778774021848e+03 1.010099332669698444e-14
3.717743778774021848e+03 1.017544293099430454e-14
3.720743778774021848e+03 1.022658112823950662e-14
3.723743778774021848e+03 1.025824040469636975e-14
3.726743778774021848e+03 1.036451713708065807e-14
3.729743778774021848e+03 1.049374187058622271e-14
3.732743778774021848e+03 1.060264128301279353e-14
3.735743778774021848e+03 1.064132259808926475e-14
3.738743778774021848e+03 1.064219478525103546e-14
3.741743778774021848e+03 1.064887193871428794e-14
3.744743778774021848e+03 1.066349321030957373e-14
3.747743778774021848e+03 1.062129321506721064e-14
3.750743778774021848e+03 1.066480333252459181e-14
3.753743778774021848e+03 1.067862311075241730e-14
3.756743778774021848e+03 1.045445144896751739e-14
3.759743778774021848e+03 1.038123141116571378e-14
3.762743778774021848e+03 1.039862970566110801e-14
3.765743778774021848e+03 1.049669854022511943e-14
3.768743778774021848e+03 1.024917854776434620e-14
3.771743778774021848e+03 1.005516790275467313e-14
3.774743778774021848e+03 9.922420147071790909e-15
3.777743778774021848e+03 9.900106198083906313e-15
3.780743778774021848e+03 9.785515754759285876e-15
3.783743778774021848e+03 9.699212023158615351e-15
3.786743778774021848e+03 9.711117105792136694e-15
3.789743778774021848e+03 9.790540274674291838e-15
3.792743778774021848e+03 9.770936150839042785e-15
3.795743778774021848e+03 9.678184165012303722e-15
3.798743778774021848e+03 9.687888044738656780e-15
3.801743778774021848e+03 9.617153291630655056e-15
3.804743778774021848e+03 9.538511071977618538e-15
3.807743778774021848e+03 9.514980220908985298e-15
3.810743778774021848e+03 9.598603863648470947e-15
3.813743778774021848e+03 9.654328062209457783e-15
3.816743778774021848e+03 9.664131723900122795e-15
3.819743778774021848e+03 9.647631353698687060e-15
3.822743778774021848e+03 9.532877900673372444e-15
3.825743778774021848e+03 9.406010801429595651e-15
3.828743778774021848e+03 9.397393211675738229e-15
3.831743778774021848e+03 9.536014036080698596e-15
3.834743778774021848e+03 9.618745697141694586e-15
3.837743778774021848e+03 9.586586649075951265e-15
3.840743778774021848e+03 9.564432060224196948e-15
3.843743778774021848e+03 9.561837768030581525e-15
3.846743778774021848e+03 9.558890508013880276e-15
3.849743778774021848e+03 9.499330439143160978e-15
3.852743778774021848e+03 9.493633292216276122e-15
3.855743778774021848e+03 9.457287060616762249e-15
3.858743778774021848e+03 9.341880048428674516e-15
3.861743778774021848e+03 9.245600594299127938e-15
3.864743778774021848e+03 9.188065767160609752e-15
3.867743778774021848e+03 9.143276294925847488e-15
3.870743778774021848e+03 8.975674591002212408e-15
3.873743778774021848e+03 8.982372840579811521e-15
3.876743778774021848e+03 9.032786265817308489e-15
3.879743778774021848e+03 9.031260460802600362e-15
3.882743778774021848e+03 8.999841194394660193e-15
3.885743778774021848e+03 9.000042890351369374e-15
3.888743778774021848e+03 9.030881377834844513e-15
3.891743778774021848e+03 8.988322453315260961e-15
3.894743778774021848e+03 8.936819176573989006e-15
3.897743778774021848e+03 8.926619718817441434e-15
3.900743778774021848e+03 9.051170892905749174e-15
3.903743778774021848e+03 9.085672067587635348e-15
3.906743778774021848e+03 9.133893439688519034e-15
3.909743778774021848e+03 9.224744329479214637e-15
3.912743778774021848e+03 9.428477197198554785e-15
3.915743778774021848e+03 9.665213999031237782e-15
3.918743778774021848e+03 9.926589099540263311e-15
3.921743778774021848e+03 1.020173979893661631e-14
3.924743778774021848e+03 1.031779712098996785e-14
3.927743778774021848e+03 1.041717230634834946e-14
3.930743778774021848e+03 1.056137283476408894e-14
3.933743778774021848e+03 1.068685216936326629e-14
3.936743778774021848e+03 1.088633184871516410e-14
3.939743778774021848e+03 1.112327338773226942e-14
3.942743778774021848e+03 1.121655434732546217e-14
3.945743778774021848e+03 1.125066109600058908e-14
3.948743778774021848e+03 1.126215054943613494e-14
3.951743778774021848e+03 1.127242356223615996e-14
3.954743778774021848e+03 1.122734294472674429e-14
3.957743778774021848e+03 1.111627025111274060e-14
3.960743778774021848e+03 1.095330178865194596e-14
3.963743778774021848e+03 1.089762795770995801e-14
3.966743778774021848e+03 1.091431934561016058e-14
3.969743778774021848e+03 1.090045527079536871e-14
3.972743778774021848e+03 1.069912951415551420e-14
3.975743778774021848e+03 1.074485107609749963e-14
3.978743778774021848e+03 1.076478288531835511e-14
3.981743778774021848e+03 1.069307124880431465e-14
3.984743778774021848e+03 1.055016685692239781e-14
3.987743778774021848e+03 1.043906353315096508e-14
3.990743778774021848e+03 1.032999992189177862e-14
3.993743778774021848e+03 1.015081933633189506e-14
3.996743778774021848e+03 1.002538490217012038e-14
3.999743778774021848e+03 9.935757131574885143e-15
4.002743778774021848e+03 9.881428662020911323e-15
4.005743778774021848e+03 9.640775139686315504e-15
4.008743778774021848e+03 9.450612154050133723e-15
4.011743778774021848e+03 9.309229254966070445e-15
4.014743778774021848e+03 9.191474986371209200e-15
4.017743778774021848e+03 8.962507974289484949e-15
4.020743778774021848e+03 8.753381220415601147e-15
4.023743778774021848e+03 8.669499739641694062e-15
4.026743778774021848e+03 8.706649666734072115e-15
4.029743778774021848e+03 8.690739230383793284e-15
4.032743778774021848e+03 8.623288687829646421e-15
4.035743778774021848e+03 8.687394197540645050e-15
4.038743778774021848e+03 8.769768984799252155e-15
4.041743778774021848e+03 8.849142774729861242e-15
4.044743778774021848e+03 8.896428497807745643e-15
4.047743778774021848e+03 9.012435630424037357e-15
4.050743778774021848e+03 9.176298802597612320e-15
4.053743778774021848e+03 9.382573074114798638e-15
4.056743778774021848e+03 9.500740424030378481e-15
4.059743778774021848e+03 9.607389083372280453e-15
4.062743778774021848e+03 9.726463632654107549e-15
4.065743778774021848e+03 9.918778396833183484e-15
4.068743778774021848e+03 1.008915325999974645e-14
4.071743778774021848e+03 1.021525338455868741e-14
4.074743778774021848e+03 1.028001393510659213e-14
4.077743778774021848e+03 1.026257245288686901e-14
4.080743778774021848e+03 1.031013998430834563e-14
4.083743778774021848e+03 1.040687148328665955e-14
4.086743778774021848e+03 1.048914897936752115e-14
4.089743778774021848e+03 1.049450137071836848e-14
4.092743778774021848e+03 1.047860800620282085e-14
4.095743778774021848e+03 1.047400528366204066e-14
4.098743778774021848e+03 1.052788280833160621e-14
4.101743778774021848e+03 1.056389985057027817e-14
4.104743778774021848e+03 1.056894067602022749e-14
4.107743778774021848e+03 1.049284552679891773e-14
4.110743778774021848e+03 1.041887974033196317e-14
4.113743778774021848e+03 1.035578274648078256e-14
4.116743778774021848e+03 1.031898310769569680e-14
4.119743778774021848e+03 1.033726158475080671e-14
4.122743778774021848e+03 1.027885596517481620e-14
4.125743778774021848e+03 1.011771666590240369e-14
4.128743778774021848e+03 9.995146120075171962e-15
4.131743778774021848e+03 9.958401774289314361e-15
4.134743778774021848e+03 9.976100203708044331e-15
4.137743778774021848e+03 1.000663947759781651e-14
4.140743778774021848e+03 9.962390695376124568e-15
4.143743778774021848e+03 9.889202473901008084e-15
4.146743778774021848e+03 9.799344046484975886e-15
4.149743778774021848e+03 9.683143525597143210e-15
4.152743778774021848e+03 9.601279565022981657e-15
4.155743778774021848e+03 9.553515385457446162e-15
4.158743778774021848e+03 9.547531469296404393e-15
4.161743778774021848e+03 9.480814689075375610e-15
4.164743778774021848e+03 9.402020711083306741e-15
4.167743778774021848e+03 9.339729611349935937e-15
4.170743778774021848e+03 9.331616631767719529e-15
4.173743778774021848e+03 9.337146738675315255e-15
4.176743778774021848e+03 9.342225395390690060e-15
4.179743778774021848e+03 9.266619926573919407e-15
4.182743778774021848e+03 9.231752169065757337e-15
4.185743778774021848e+03 9.217601014902469527e-15
4.188743778774021848e+03 9.209919472703089945e-15
4.191743778774021848e+03 9.182999824583480216e-15
4.194743778774021848e+03 9.131695805990706376e-15
4.197743778774021848e+03 9.054798328988679370e-15
4.200743778774021848e+03 8.976100475236502835e-15
4.203743778774021848e+03 8.920027224139517250e-15
4.206743778774021848e+03 8.876987338204633432e-15
4.209743778774021848e+03 8.833901169307599447e-15
4.212743778774021848e+03 8.770405456574607870e-15
4.215743778774021848e+03 8.669679965024065883e-15
4.218743778774021848e+03 8.520243759912521531e-15
4.221743778774021848e+03 8.487805538579775233e-15
4.224743778774021848e+03 8.446739205089847129e-15
4.227743778774021848e+03 8.381201717466848790e-15
4.230743778774021848e+03 8.229336841973552790e-15
4.233743778774021848e+03 8.159020596584220930e-15
4.236743778774021848e+03 8.102399816705084303e-15
4.239743778774021848e+03 8.021232143826485775e-15
4.242743778774021848e+03 7.918663043639219098e-15
4.245743778774021848e+03 7.781188564337220359e-15
4.248743778774021848e+03 7.622851399864103868e-15
4.251743778774021848e+03 7.545046318993600125e-15
4.254743778774021848e+03 7.489498487639333932e-15
4.257743778774021848e+03 7.434068477641958281e-15
4.260743778774021848e+03 7.354889396860287839e-15
4.263743778774021848e+03 7.327796015831096913e-15
4.266743778774021848e+03 7.377587598314992789e-15
4.269743778774021848e+03 7.513040314626430426e-15
4.272743778774021848e+03 7.744772392128399760e-15
4.275743778774021848e+03 7.984168881544185689e-15
4.278743778774021848e+03 8.214060074753865131e-15
4.281743778774021848e+03 8.397585034455169424e-15
4.284743778774021848e+03 8.687762795416018497e-15
4.287743778774021848e+03 9.005271038173773105e-15
4.290743778774021848e+03 9.328036199110481927e-15
4.293743778774021848e+03 9.550588830010132782e-15
4.296743778774021848e+03 9.777954171377659879e-15
4.299743778774021848e+03 1.000713314356032490e-14
4.302743778774021848e+03 1.022692063047266970e-14
4.305743778774021848e+03 1.039295344961597971e-14
4.308743778774021848e+03 1.051940488474494511e-14
4.311743778774021848e+03 1.060363136276652696e-14
4.314743778774021848e+03 1.063195783121501511e-14
4.317743778774021848e+03 1.066029284989726013e-14
4.320743778774021848e+03 1.068976132990249693e-14
4.323743778774021848e+03 1.070261290961637462e-14
4.326743778774021848e+03 1.073952119228970941e-14
4.329743778774021848e+03 1.076600924931084492e-14
4.332743778774021848e+03 1.074292633852461739e-14
4.335743778774021848e+03 1.074802281760264633e-14
4.338743778774021848e+03 1.070957350898828309e-14
4.341743778774021848e+03 1.061252262969202422e-14
4.344743778774021848e+03 1.043149995214337690e-14
4.347743778774021848e+03 1.034388322264045134e-14
4.350743778774021848e+03 1.031066445161096853e-14
4.353743778774021848e+03 1.028878571119495750e-14
4.356743778774021848e+03 1.014695918636490810e-14
4.359743778774021848e+03 1.002497472436622995e-14
4.362743778774021848e+03 9.967547956708344157e-15
4.365743778774021848e+03 9.974771267510089865e-15
4.368743778774021848e+03 9.863969722679173657e-15
4.371743778774021848e+03 9.672094842021932213e-15
4.374743778774021848e+03 9.483950001721051343e-15
4.377743778774021848e+03 9.434248108532083841e-15
4.380743778774021848e+03 9.382223509685312927e-15
4.383743778774021848e+03 9.250267201743902502e-15
4.386743778774021848e+03 9.099160053145477269e-15
4.389743778774021848e+03 8.992478017494402735e-15
4.392743778774021848e+03 8.916258474204522654e-15
4.395743778774021848e+03 8.772710836352508693e-15
4.398743778774021848e+03 8.644468343264095141e-15
4.401743778774021848e+03 8.512266071982851275e-15
4.404743778774021848e+03 8.356213113874104175e-15
4.407743778774021848e+03 8.214779942906234328e-15
4.410743778774021848e+03 8.135520836696937586e-15
4.413743778774021848e+03 8.121747447131266645e-15
4.416743778774021848e+03 8.096865408856955737e-15
4.419743778774021848e+03 8.093502932343946092e-15
4.422743778774021848e+03 8.114099149058530803e-15
4.425743778774021848e+03 8.173957354932373798e-15
4.428743778774021848e+03 8.162299612548668572e-15
4.431743778774021848e+03 8.147066293085940192e-15
4.434743778774021848e+03 8.147791135265689541e-15
4.437743778774021848e+03 8.243942425873465412e-15
4.440743778774021848e+03 8.270785360223733265e-15
4.443743778774021848e+03 8.266519723541497279e-15
4.446743778774021848e+03 8.331161773590582401e-15
4.449743778774021848e+03 8.369443847483179387e-15
4.452743778774021848e+03 8.362807417041927380e-15
4.455743778774021848e+03 8.290775121280274988e-15
4.458743778774021848e+03 8.265022533505644894e-15
4.461743778774021848e+03 8.291252675504337208e-15
4.464743778774021848e+03 8.349356459208671043e-15
4.467743778774021848e+03 8.337044833307170957e-15
4.470743778774021848e+03 8.336538670795074580e-15
4.473743778774021848e+03 8.333140465612865516e-15
4.476743778774021848e+03 8.312615907698746521e-15
4.479743778774021848e+03 8.281242666339149717e-15
4.482743778774021848e+03 8.248651565373855532e-15
4.485743778774021848e+03 8.217429784111602139e-15
4.488743778774021848e+03 8.203074504069291030e-15
4.491743778774021848e+03 8.191434889214442622e-15
4.494743778774021848e+03 8.190579029627521219e-15
4.497743778774021848e+03 8.218042193218857900e-15
4.500743778774021848e+03 8.229302111930600833e-15
4.503743778774021848e+03 8.254675975663049615e-15
4.506743778774021848e+03 8.302896837851549018e-15
4.509743778774021848e+03 8.325384533268702331e-15
4.512743778774021848e+03 8.329092867082547920e-15
4.515743778774021848e+03 8.331274026439323513e-15
4.518743778774021848e+03 8.378954892894225065e-15
4.521743778774021848e+03 8.361917609124934385e-15
4.524743778774021848e+03 8.341218057631911187e-15
4.527743778774021848e+03 8.345320355852551586e-15
4.530743778774021848e+03 8.329357008830242210e-15
4.533743778774021848e+03 8.307842426756046260e-15
4.536743778774021848e+03 8.293210042726629590e-15
4.539743778774021848e+03 8.347419254091892119e-15
4.542743778774021848e+03 8.334658268659931949e-15
4.545743778774021848e+03 8.283393393307482427e-15
4.548743778774021848e+03 8.203638201976906383e-15
4.551743778774021848e+03 8.195797623723529191e-15
4.554743778774021848e+03 8.190381833870044361e-15
4.557743778774021848e+03 8.179165876003916116e-15
4.560743778774021848e+03 8.166888601864548403e-15
4.563743778774021848e+03 8.141496526326214116e-15
4.566743778774021848e+03 8.099143713064255464e-15
4.569743778774021848e+03 8.026455892247826629e-15
4.572743778774021848e+03 7.983797413807231026e-15
4.575743778774021848e+03 7.970484847430008721e-15
4.578743778774021848e+03 7.988240162626572913e-15
4.581743778774021848e+03 7.999858645122393386e-15
4.584743778774021848e+03 7.966472721450061002e-15
4.587743778774021848e+03 7.908079201720245166e-15
4.590743778774021848e+03 7.864912575368237675e-15
4.593743778774021848e+03 7.848618943706021514e-15
4.596743778774021848e+03 7.823175246224249328e-15
4.599743778774021848e+03 7.770465782678860599e-15
4.602743778774021848e+03 7.702421500767608165e-15
4.605743778774021848e+03 7.649199226305917292e-15
4.608743778774021848e+03 7.617332025843847564e-15
4.611743778774021848e+03 7.639506563505699433e-15
4.614743778774021848e+03 7.613180924941388640e-15
4.617743778774021848e+03 7.592018920497604045e-15
4.620743778774021848e+03 7.620145899532155518e-15
4.623743778774021848e+03 7.603172117331780996e-15
4.626743778774021848e+03 7.548755577479916021e-15
4.629743778774021848e+03 7.464867586573803332e-15
4.632743778774021848e+03 7.422959354698974961e-15
4.635743778774021848e+03 7.398873716979438561e-15
4.638743778774021848e+03 7.401948501029037279e-15
4.641743778774021848e+03 7.457180198435084736e-15
4.644743778774021848e+03 7.472800420893778800e-15
4.647743778774021848e+03 7.448311670616832655e-15
4.650743778774021848e+03 7.381697617172957257e-15
4.653743778774021848e+03 7.322101648936576942e-15
4.656743778774021848e+03 7.291413960447258066e-15
4.659743778774021848e+03 7.285905631488192502e-15
4.662743778774021848e+03 7.308281388266758453e-15
4.665743778774021848e+03 7.257375286651345080e-15
4.668743778774021848e+03 7.200415008425067280e-15
4.671743778774021848e+03 7.164447061009254865e-15
4.674743778774021848e+03 7.222723280350216525e-15
4.677743778774021848e+03 7.224747249267984616e-15
4.680743778774021848e+03 7.182995819837695942e-15
4.683743778774021848e+03 7.156897623751809480e-15
4.686743778774021848e+03 7.135659860685657878e-15
4.689743778774021848e+03 7.114506772393276489e-15
4.692743778774021848e+03 7.089929830725862125e-15
4.695743778774021848e+03 7.067586839884484641e-15
4.698743778774021848e+03 7.026104405701978445e-15
4.701743778774021848e+03 6.966861149280520555e-15
4.704743778774021848e+03 6.921404704363415240e-15
4.707743778774021848e+03 6.901383192411512640e-15
4.710743778774021848e+03 6.874202735648382783e-15
4.713743778774021848e+03 6.794894111686787656e-15
4.716743778774021848e+03 6.673093936113813037e-15
4.719743778774021848e+03 6.576536166705488947e-15
4.722743778774021848e+03 6.519319174584511447e-15
4.725743778774021848e+03 6.438108745138019336e-15
4.728743778774021848e+03 6.345663565528240986e-15
4.731743778774021848e+03 6.250031774879200143e-15
4.734743778774021848e+03 6.167859656586292849e-15
4.737743778774021848e+03 6.096449789573938523e-15
4.740743778774021848e+03 6.003162619117835615e-15
4.743743778774021848e+03 5.871266336139317410e-15
4.746743778774021848e+03 5.815613652160494364e-15
4.749743778774021848e+03 5.748514102661690111e-15
4.752743778774021848e+03 5.664770575358903157e-15
4.755743778774021848e+03 5.545391276398109754e-15
4.758743778774021848e+03 5.415997131463199888e-15
4.761743778774021848e+03 5.323774980343527643e-15
4.764743778774021848e+03 5.313328246437552488e-15
4.767743778774021848e+03 5.304838279302549089e-15
4.770743778774021848e+03 5.360547265699459698e-15
4.773743778774021848e+03 5.485162718811449776e-15
4.776743778774021848e+03 5.676046047590991877e-15
4.779743778774021848e+03 5.884993742057379534e-15
4.782743778774021848e+03 6.113852960164998934e-15
4.785743778774021848e+03 6.373444533934417393e-15
4.788743778774021848e+03 6.617066784670117151e-15
4.791743778774021848e+03 6.855390994153012838e-15
4.794743778774021848e+03 7.094105076726460465e-15
4.797743778774021848e+03 7.420861723266159595e-15
4.800743778774021848e+03 7.728070131413160045e-15
4.803743778774021848e+03 8.005949374925870714e-15
4.806743778774021848e+03 8.219936549567801097e-15
4.809743778774021848e+03 8.396929494591427486e-15
4.812743778774021848e+03 8.575800072865846695e-15
4.815743778774021848e+03 8.771095855899947543e-15
4.818743778774021848e+03 8.917342364675936957e-15
4.821743778774021848e+03 9.081292418167177980e-15
4.824743778774021848e+03 9.242141173565576864e-15
4.827743778774021848e+03 9.314997216516521004e-15
4.830743778774021848e+03 9.389676948353924693e-15
4.833743778774021848e+03 9.469881766677619647e-15
4.836743778774021848e+03 9.559696839875975377e-15
4.839743778774021848e+03 9.551540683888173592e-15
4.842743778774021848e+03 9.552287597543032062e-15
4.845743778774021848e+03 9.565931120431133994e-15
4.848743778774021848e+03 9.556364466123864618e-15
4.851743778774021848e+03 9.550923436190662049e-15
4.854743778774021848e+03 9.519464933994918013e-15
4.857743778774021848e+03 9.416948791253808749e-15
4.860743778774021848e+03 9.361981018175780200e-15
4.863743778774021848e+03 9.338753191572318073e-15
4.866743778774021848e+03 9.341888702262420207e-15
4.869743778774021848e+03 9.290557284000595804e-15
4.872743778774021848e+03 9.201160812573955769e-15
4.875743778774021848e+03 9.080697389026543962e-15
4.878743778774021848e+03 8.928192219390423539e-15
4.881743778774021848e+03 8.833267718795566062e-15
4.884743778774021848e+03 8.741301119456940325e-15
4.887743778774021848e+03 8.634058457641555178e-15
4.890743778774021848e+03 8.515186099092344667e-15
4.893743778774021848e+03 8.408393185891266454e-15
4.896743778774021848e+03 8.309684064992337620e-15
4.899743778774021848e+03 8.207122750166862451e-15
4.902743778774021848e+03 8.080244268249382509e-15
4.905743778774021848e+03 7.965791860758617628e-15
4.908743778774021848e+03 7.889808222102498742e-15
4.911743778774021848e+03 7.816358494063661690e-15
4.914743778774021848e+03 7.723255312590292674e-15
4.917743778774021848e+03 7.616324772621345941e-15
4.920743778774021848e+03 7.544049267115080568e-15
4.923743778774021848e+03 7.474312371055077922e-15
4.926743778774021848e+03 7.418214763355023288e-15
4.929743778774021848e+03 7.393129962251824259e-15
4.932743778774021848e+03 7.340600426457251831e-15
4.935743778774021848e+03 7.283774462278399516e-15
4.938743778774021848e+03 7.229918740829182720e-15
4.941743778774021848e+03 7.236968502192292584e-15
4.944743778774021848e+03 7.232580606468300064e-15
4.947743778774021848e+03 7.216913240903594579e-15
4.950743778774021848e+03 7.184893663568847772e-15
4.953743778774021848e+03 7.170735583411595679e-15
4.956743778774021848e+03 7.163382605690398817e-15
4.959743778774021848e+03 7.160199234471727473e-15
4.962743778774021848e+03 7.123265120407381549e-15
4.965743778774021848e+03 7.111357761938445084e-15
4.968743778774021848e+03 7.123674974078074766e-15
4.971743778774021848e+03 7.166535255324108984e-15
4.974743778774021848e+03 7.186935978232162635e-15
4.977743778774021848e+03 7.195699123090812165e-15
4.980743778774021848e+03 7.195871242436386346e-15
4.983743778774021848e+03 7.236246163053301808e-15
4.986743778774021848e+03 7.259824542348642907e-15
4.989743778774021848e+03 7.261349354275915290e-15
4.992743778774021848e+03 7.226774463425088577e-15
4.995743778774021848e+03 7.208740519699030210e-15
4.998743778774021848e+03 7.190656974071194904e-15
5.001743778774021848e+03 7.155957304412949552e-15
5.004743778774021848e+03 7.150017908045041506e-15
5.007743778774021848e+03 7.149730390071667471e-15
5.010743778774021848e+03 7.145649026786375362e-15
5.013743778774021848e+03 7.050422482907746264e-15
5.016743778774021848e+03 6.996603170756603946e-15
5.019743778774021848e+03 6.974319777442622732e-15
5.022743778774021848e+03 6.981375354483304691e-15
5.025743778774021848e+03 6.914547872466299371e-15
5.028743778774021848e+03 6.831646632429420518e-15
5.031743778774021848e+03 6.748250045229130118e-15
5.034743778774021848e+03 6.740721759251606166e-15
5.037743778774021848e+03 6.725932897081382173e-15
5.040743778774021848e+03 6.691613308485903844e-15
5.043743778774021848e+03 6.591446015527084688e-15
5.046743778774021848e+03 6.456173124754468993e-15
5.049743778774021848e+03 6.339289954067224555e-15
5.052743778774021848e+03 6.274252486877682313e-15
5.055743778774021848e+03 6.240517604316759998e-15
5.058743778774021848e+03 6.224444405011061233e-15
5.061743778774021848e+03 6.216228868674072182e-15
5.064743778774021848e+03 6.165959060562202908e-15
5.067743778774021848e+03 6.133670116325693484e-15
5.070743778774021848e+03 6.110347131522008613e-15
5.073743778774021848e+03 6.090993164555495241e-15
5.076743778774021848e+03 6.077799217098089586e-15
5.079743778774021848e+03 6.079866764904284861e-15
5.082743778774021848e+03 6.099007318216821899e-15
5.085743778774021848e+03 6.135734060769500750e-15
5.088743778774021848e+03 6.149541731009250318e-15
5.091743778774021848e+03 6.153505099293561029e-15
5.094743778774021848e+03 6.164267499278432021e-15
5.097743778774021848e+03 6.207914486862472508e-15
5.100743778774021848e+03 6.237135318111684197e-15
5.103743778774021848e+03 6.237500132568535114e-15
5.106743778774021848e+03 6.239021702063434365e-15
5.109743778774021848e+03 6.272808570170329785e-15
5.112743778774021848e+03 6.326882491394695349e-15
5.115743778774021848e+03 6.375131074710776495e-15
5.118743778774021848e+03 6.402906778013336181e-15
5.121743778774021848e+03 6.408015479763487243e-15
5.124743778774021848e+03 6.383917000066853945e-15
5.127743778774021848e+03 6.419798344875916334e-15
5.130743778774021848e+03 6.446337520050075507e-15
5.133743778774021848e+03 6.459662213289171448e-15
5.136743778774021848e+03 6.454185732367930921e-15
5.139743778774021848e+03 6.449100889144855502e-15
5.142743778774021848e+03 6.443333817841752119e-15
5.145743778774021848e+03 6.435686732370642249e-15
5.148743778774021848e+03 6.443949674419830845e-15
5.151743778774021848e+03 6.442305466834949219e-15
5.154743778774021848e+03 6.427806153911387451e-15
5.157743778774021848e+03 6.408612884521387926e-15
5.160743778774021848e+03 6.393310423245507546e-15
5.163743778774021848e+03 6.374393645845396952e-15
5.166743778774021848e+03 6.338740820423148915e-15
5.169743778774021848e+03 6.322592690736751479e-15
5.172743778774021848e+03 6.322976025363027451e-15
5.175743778774021848e+03 6.339830704197414676e-15
5.178743778774021848e+03 6.318966411422757247e-15
5.181743778774021848e+03 6.279183090222697644e-15
5.184743778774021848e+03 6.234501322451612057e-15
5.187743778774021848e+03 6.220783457421029355e-15
5.190743778774021848e+03 6.194872448585828752e-15
5.193743778774021848e+03 6.176038676270736897e-15
5.196743778774021848e+03 6.174948621831852698e-15
5.199743778774021848e+03 6.212252831334098887e-15
5.202743778774021848e+03 6.237434057695068466e-15
5.205743778774021848e+03 6.240179070692160494e-15
5.208743778774021848e+03 6.172825375150366954e-15
5.211743778774021848e+03 6.128751320453082856e-15
5.214743778774021848e+03 6.107296808874906307e-15
5.217743778774021848e+03 6.115998784712347596e-15
5.220743778774021848e+03 6.076520627635430720e-15
5.223743778774021848e+03 6.043432204496423608e-15
5.226743778774021848e+03 6.023963812572726542e-15
5.229743778774021848e+03 6.023290359937390513e-15
5.232743778774021848e+03 6.030792791064194480e-15
5.235743778774021848e+03 6.044584949033791326e-15
5.238743778774021848e+03 6.064838006242338900e-15
5.241743778774021848e+03 6.068951322957254840e-15
5.244743778774021848e+03 6.068036857125683197e-15
5.247743778774021848e+03 6.064187697198961663e-15
5.250743778774021848e+03 6.051082098622256917e-15
5.253743778774021848e+03 6.036911394827784821e-15
5.256743778774021848e+03 6.018739502715911376e-15
5.259743778774021848e+03 5.987294503922858048e-15
5.262743778774021848e+03 5.979142212993914057e-15
5.265743778774021848e+03 5.975131899085693820e-15
5.268743778774021848e+03 5.967677648852917753e-15
5.271743778774021848e+03 5.945424133550836018e-15
5.274743778774021848e+03 5.928589311992670228e-15
5.277743778774021848e+03 5.918371006632221629e-15
5.280743778774021848e+03 5.919217918360070541e-15
5.283743778774021848e+03 5.922818903154465897e-15
5.286743778774021848e+03 5.922967916821813974e-15
5.289743778774021848e+03 5.913667964811942739e-15
5.292743778774021848e+03 5.894140900259501120e-15
5.295743778774021848e+03 5.888735987119964531e-15
5.298743778774021848e+03 5.897259849015336650e-15
5.301743778774021848e+03 5.891618260296257889e-15
5.304743778774021848e+03 5.853864237978326258e-15
5.307743778774021848e+03 5.813975996536925662e-15
5.310743778774021848e+03 5.811263108451644246e-15
5.313743778774021848e+03 5.823224849163614862e-15
5.316743778774021848e+03 5.833794482650428735e-15
5.319743778774021848e+03 5.838747512159300165e-15
5.322743778774021848e+03 5.823047667798967094e-15
5.325743778774021848e+03 5.789440699480921174e-15
5.328743778774021848e+03 5.749466039818202908e-15
5.331743778774021848e+03 5.727476415445139604e-15
5.334743778774021848e+03 5.733615778030723373e-15
5.337743778774021848e+03 5.734698334354865001e-15
5.340743778774021848e+03 5.716073744612059435e-15
5.343743778774021848e+03 5.650722340454154340e-15
5.346743778774021848e+03 5.608225890791004999e-15
5.349743778774021848e+03 5.585330200827891716e-15
5.352743778774021848e+03 5.566486756922854814e-15
5.355743778774021848e+03 5.537441777459409539e-15
5.358743778774021848e+03 5.515810017920180041e-15
5.361743778774021848e+03 5.516849130945874064e-15
5.364743778774021848e+03 5.514327182918097785e-15
5.367743778774021848e+03 5.499240562763255599e-15
5.370743778774021848e+03 5.476119116322285188e-15
5.373743778774021848e+03 5.491875903436505650e-15
5.376743778774021848e+03 5.490856963025730435e-15
5.379743778774021848e+03 5.480173329378564031e-15
5.382743778774021848e+03 5.464548454743131409e-15
5.385743778774021848e+03 5.432422311589834381e-15
5.388743778774021848e+03 5.402528444802339199e-15
5.391743778774021848e+03 5.379917854612807005e-15
5.394743778774021848e+03 5.388797879886942731e-15
5.397743778774021848e+03 5.392578712679869349e-15
5.400743778774021848e+03 5.389117533763886461e-15
5.403743778774021848e+03 5.370248630796719040e-15
5.406743778774021848e+03 5.368669959949335147e-15
5.409743778774021848e+03 5.363312382710349701e-15
5.412743778774021848e+03 5.345398958725038110e-15
5.415743778774021848e+03 5.332822003345285543e-15
5.418743778774021848e+03 5.327618249798206127e-15
5.421743778774021848e+03 5.329518142154754050e-15
5.424743778774021848e+03 5.339927901404913508e-15
5.427743778774021848e+03 5.315011717496265183e-15
5.430743778774021848e+03 5.288675881629967807e-15
5.433743778774021848e+03 5.283638372688462717e-15
5.436743778774021848e+03 5.295564736036471272e-15
5.439743778774021848e+03 5.295978000463043295e-15
5.442743778774021848e+03 5.286452446776897453e-15
5.445743778774021848e+03 5.299077671384180053e-15
5.448743778774021848e+03 5.317665623124631785e-15
5.451743778774021848e+03 5.328768765681042784e-15
5.454743778774021848e+03 5.313256112533111046e-15
5.457743778774021848e+03 5.275557653590586108e-15
5.460743778774021848e+03 5.254782816735835618e-15
5.463743778774021848e+03 5.258336817852191239e-15
5.466743778774021848e+03 5.258057544700590741e-15
5.469743778774021848e+03 5.255604022905362597e-15
5.472743778774021848e+03 5.254528329846714973e-15
5.475743778774021848e+03 5.262846632578980882e-15
5.478743778774021848e+03 5.251544265148324937e-15
5.481743778774021848e+03 5.228461518246674089e-15
5.484743778774021848e+03 5.194549799044288709e-15
5.487743778774021848e+03 5.172350352792175994e-15
5.490743778774021848e+03 5.164617586811191048e-15
5.493743778774021848e+03 5.167225416490034585e-15
5.496743778774021848e+03 5.168525723773798133e-15
5.499743778774021848e+03 5.189990205465071875e-15
5.502743778774021848e+03 5.209548182692631500e-15
5.505743778774021848e+03 5.212485091857551795e-15
5.508743778774021848e+03 5.180958339331529507e-15
5.511743778774021848e+03 5.153297455269230343e-15
5.514743778774021848e+03 5.132900673406781136e-15
5.517743778774021848e+03 5.122589298736138736e-15
5.520743778774021848e+03 5.118306345474843783e-15
5.523743778774021848e+03 5.109540193768342554e-15
5.526743778774021848e+03 5.082730863915828523e-15
5.529743778774021848e+03 5.090112793607242882e-15
5.532743778774021848e+03 5.086860642813387885e-15
5.535743778774021848e+03 5.063713471590475092e-15
5.538743778774021848e+03 5.010461788432856266e-15
5.541743778774021848e+03 4.997219334504493290e-15
5.544743778774021848e+03 5.014543216247551023e-15
5.547743778774021848e+03 5.058669647492063550e-15
5.550743778774021848e+03 5.075579704776607593e-15
5.553743778774021848e+03 5.071906225469159939e-15
5.556743778774021848e+03 5.046947946198689206e-15
5.559743778774021848e+03 4.990100029109369299e-15
5.562743778774021848e+03 4.976972023229393536e-15
5.565743778774021848e+03 4.996585272965867198e-15
5.568743778774021848e+03 5.021180996298856220e-15
5.571743778774021848e+03 5.022885042744336612e-15
5.574743778774021848e+03 5.008232311700655636e-15
5.577743778774021848e+03 4.976523337204278574e-15
5.580743778774021848e+03 4.967374313685301875e-15
5.583743778774021848e+03 4.957311258561067867e-15
5.586743778774021848e+03 4.947023655929527231e-15
5.589743778774021848e+03 4.952674936052166870e-15
5.592743778774021848e+03 4.950684550000102732e-15
5.595743778774021848e+03 4.934303396881486814e-15
5.598743778774021848e+03 4.890639197183048975e-15
5.601743778774021848e+03 4.879984300473050779e-15
5.604743778774021848e+03 4.873390930801525992e-15
5.607743778774021848e+03 4.865429752277261479e-15
5.610743778774021848e+03 4.844063208206714337e-15
5.613743778774021848e+03 4.850259366232729435e-15
5.616743778774021848e+03 4.862652359768095217e-15
5.619743778774021848e+03 4.845342590124010797e-15
5.622743778774021848e+03 4.835919843154292601e-15
5.625743778774021848e+03 4.843825089903128432e-15
5.628743778774021848e+03 4.874185277708606466e-15
5.631743778774021848e+03 4.850148024100138965e-15
5.634743778774021848e+03 4.822089237836088635e-15
5.637743778774021848e+03 4.795603799795958930e-15
5.640743778774021848e+03 4.789488733465064311e-15
5.643743778774021848e+03 4.780635669766017057e-15
5.646743778774021848e+03 4.759080154569606944e-15
5.649743778774021848e+03 4.715811897436973621e-15
5.652743778774021848e+03 4.719757707706063109e-15
5.655743778774021848e+03 4.728116092936088930e-15
5.658743778774021848e+03 4.736637121401086502e-15
5.661743778774021848e+03 4.736550291851985840e-15
5.664743778774021848e+03 4.717250018859589426e-15
5.667743778774021848e+03 4.716174538945102308e-15
5.670743778774021848e+03 4.777211239094789162e-15
5.673743778774021848e+03 4.750712044745614315e-15
5.676743778774021848e+03 4.689340340440224349e-15
5.679743778774021848e+03 4.604971858674757878e-15
5.682743778774021848e+03 4.567610569323489433e-15
5.685743778774021848e+03 4.568935057831527620e-15
5.688743778774021848e+03 4.579903350632891587e-15
5.691743778774021848e+03 4.555577718168706128e-15
5.694743778774021848e+03 4.545409020890813304e-15
5.697743778774021848e+03 4.532162153365760521e-15
5.700743778774021848e+03 4.510608118294808214e-15
5.703743778774021848e+03 4.511022217573478133e-15
5.706743778774021848e+03 4.517346599394599497e-15
5.709743778774021848e+03 4.529939033058830032e-15
5.712743778774021848e+03 4.552504714052837252e-15
5.715743778774021848e+03 4.516370215616174148e-15
5.718743778774021848e+03 4.473649626489795866e-15
5.721743778774021848e+03 4.450207114214957098e-15
5.724743778774021848e+03 4.442869616858734202e-15
5.727743778774021848e+03 4.439838630823622287e-15
5.730743778774021848e+03 4.440560882815459124e-15
5.733743778774021848e+03 4.446822428821823126e-15
5.736743778774021848e+03 4.437672261945304736e-15
5.739743778774021848e+03 4.423830497485254859e-15
5.742743778774021848e+03 4.413381844160098613e-15
5.745743778774021848e+03 4.407548741327849952e-15
5.748743778774021848e+03 4.389061558896268504e-15
5.751743778774021848e+03 4.358010978904336702e-15
5.754743778774021848e+03 4.350642259090275760e-15
5.757743778774021848e+03 4.346862822916642093e-15
5.760743778774021848e+03 4.335100872186479873e-15
5.763743778774021848e+03 4.293131566389825518e-15
5.766743778774021848e+03 4.279538713205303923e-15
5.769743778774021848e+03 4.276024530919233171e-15
5.772743778774021848e+03 4.278897427280155747e-15
5.775743778774021848e+03 4.308195110188811656e-15
5.778743778774021848e+03 4.311784736510683583e-15
5.781743778774021848e+03 4.306099164776230583e-15
5.784743778774021848e+03 4.334009090469312048e-15
5.787743778774021848e+03 4.354716639573374262e-15
5.790743778774021848e+03 4.389815577422720439e-15
5.793743778774021848e+03 4.453374416728258577e-15
5.796743778774021848e+03 4.449390505731556683e-15
5.799743778774021848e+03 4.445213860042527887e-15
5.802743778774021848e+03 4.452135738052464713e-15
5.805743778774021848e+03 4.515417548538940427e-15
5.808743778774021848e+03 4.584809771402785286e-15
5.811743778774021848e+03 4.639119160489926491e-15
5.814743778774021848e+03 4.654476932139892898e-15
5.817743778774021848e+03 4.714480361420868628e-15
5.820743778774021848e+03 4.745385960368221655e-15
5.823743778774021848e+03 4.743709476632501121e-15
5.826743778774021848e+03 4.784611464238025832e-15
5.829743778774021848e+03 4.829341233633205665e-15
5.832743778774021848e+03 4.853546817520240131e-15
5.835743778774021848e+03 4.811248935092913248e-15
5.838743778774021848e+03 4.828934421269654420e-15
5.841743778774021848e+03 4.864392728816261799e-15
5.844743778774021848e+03 4.907354302907301479e-15
5.847743778774021848e+03 4.894407294067482280e-15
5.850743778774021848e+03 4.881460285227663869e-15
5.853743778774021848e+03 4.868513276387844670e-15
5.856743778774021848e+03 4.855566267548025471e-15
5.859743778774021848e+03 4.842619258708206271e-15
5.862743778774021848e+03 4.829672249868387861e-15
5.865743778774021848e+03 4.816725241028568662e-15
5.868743778774021848e+03 4.803778232188749462e-15
5.871743778774021848e+03 4.790831223348930263e-15
5.874743778774021848e+03 4.777884214509111853e-15
5.877743778774021848e+03 4.764937205669292653e-15
5.880743778774021848e+03 4.751990196829473454e-15
5.883743778774021848e+03 4.739043187989654255e-15
5.886743778774021848e+03 4.726096179149835844e-15
5.889743778774021848e+03 4.713149170310016645e-15
5.892743778774021848e+03 4.700202161470197445e-15
5.895743778774021848e+03 4.687255152630378246e-15
5.898743778774021848e+03 4.674308143790559836e-15
5.901743778774021848e+03 4.661361134950740636e-15
5.904743778774021848e+03 4.648414126110921437e-15
5.907743778774021848e+03 4.635467117271102238e-15
5.910743778774021848e+03 4.622520108431283827e-15
5.913743778774021848e+03 4.609573099591464628e-15
5.916743778774021848e+03 4.596626090751645428e-15
5.919743778774021848e+03 4.583679081911826229e-15
5.922743778774021848e+03 4.548032112387210918e-15
5.925743778774021848e+03 4.503774709401194772e-15
5.928743778774021848e+03 4.481989165060646282e-15
5.931743778774021848e+03 4.491457663652789898e-15
5.934743778774021848e+03 4.496680877937820733e-15
5.937743778774021848e+03 4.481422793943792996e-15
5.940743778774021848e+03 4.482235042348394091e-15
5.943743778774021848e+03 4.478240558206519082e-15
5.946743778774021848e+03 4.471693029611328371e-15
5.949743778774021848e+03 4.475157084698434708e-15
5.952743778774021848e+03 4.462653779530077293e-15
5.955743778774021848e+03 4.445312255872078666e-15
5.958743778774021848e+03 4.429975533900222455e-15
5.961743778774021848e+03 4.425406421735950065e-15
5.964743778774021848e+03 4.405340209387680518e-15
5.967743778774021848e+03 4.372434270988612275e-15
5.970743778774021848e+03 4.378058099615555280e-15
5.973743778774021848e+03 4.397411174519897265e-15
5.976743778774021848e+03 4.414621038303660869e-15
5.979743778774021848e+03 4.407775024249870701e-15
5.982743778774021848e+03 4.398099492953196555e-15
5.985743778774021848e+03 4.374035858242172894e-15
5.988743778774021848e+03 4.333423257989137861e-15
5.991743778774021848e+03 4.322177166963552963e-15
5.994743778774021848e+03 4.315484150410647567e-15
5.997743778774021848e+03 4.307126660564895453e-15
6.000743778774021848e+03 4.281868614763928395e-15
6.003743778774021848e+03 4.260470534941272745e-15
6.006743778774021848e+03 4.248800170896821948e-15
6.009743778774021848e+03 4.251050469749411467e-15
6.012743778774021848e+03 4.240899607558289343e-15
6.015743778774021848e+03 4.211787254977935021e-15
6.018743778774021848e+03 4.172324583121245600e-15
6.021743778774021848e+03 4.155843846964726121e-15
6.024743778774021848e+03 4.153706768821434700e-15
6.027743778774021848e+03 4.146809704335480221e-15
6.030743778774021848e+03 4.119938768343189236e-15
6.033743778774021848e+03 4.128107423882355685e-15
6.036743778774021848e+03 4.138055847500165259e-15
6.039743778774021848e+03 4.143866619970688928e-15
6.042743778774021848e+03 4.122915033959314632e-15
6.045743778774021848e+03 4.117268361130868637e-15
6.048743778774021848e+03 4.115451229498038362e-15
6.051743778774021848e+03 4.104910341469076550e-15
6.054743778774021848e+03 4.095180831669820793e-15
6.057743778774021848e+03 4.091714013422991761e-15
6.060743778774021848e+03 4.095548133815039018e-15
6.063743778774021848e+03 4.093928796658453111e-15
6.066743778774021848e+03 4.099628786931784023e-15
6.069743778774021848e+03 4.108714290866074292e-15
6.072743778774021848e+03 4.114232684106813926e-15
6.075743778774021848e+03 4.110467495964803285e-15
6.078743778774021848e+03 4.110394786045540513e-15
6.081743778774021848e+03 4.119550496117201740e-15
6.084743778774021848e+03 4.138935265062376243e-15
6.087743778774021848e+03 4.135601727243346150e-15
6.090743778774021848e+03 4.114176815660972265e-15
6.093743778774021848e+03 4.088624155910553552e-15
6.096743778774021848e+03 4.101519869308196261e-15
6.099743778774021848e+03 4.092086951487597958e-15
6.102743778774021848e+03 4.012605946988981306e-15
6.105743778774021848e+03 4.005843628653897774e-15
6.108743778774021848e+03 4.016501464735006850e-15
6.111743778774021848e+03 4.033033150194523836e-15
6.114743778774021848e+03 4.005171932526148772e-15
6.117743778774021848e+03 4.007438999411690884e-15
6.120743778774021848e+03 4.018735104536977691e-15
6.123743778774021848e+03 4.018349201332167213e-15
6.126743778774021848e+03 4.000054714923650023e-15
6.129743778774021848e+03 3.979634217802994346e-15
6.132743778774021848e+03 3.962024621739841003e-15
6.135743778774021848e+03 3.989041891680080739e-15
6.138743778774021848e+03 4.010045440544125273e-15
6.141743778774021848e+03 4.011260376159084723e-15
6.144743778774021848e+03 3.955228285183550275e-15
6.147743778774021848e+03 3.952850762764156177e-15
6.150743778774021848e+03 3.973754214643579590e-15
6.153743778774021848e+03 4.010808541389839256e-15
6.156743778774021848e+03 3.990121750669990533e-15
6.159743778774021848e+03 3.979777277485802329e-15
6.162743778774021848e+03 3.981804466190892940e-15
6.165743778774021848e+03 4.005253292249714108e-15
6.168743778774021848e+03 4.004943224103872317e-15
6.171743778774021848e+03 3.980921332521114814e-15
6.174743778774021848e+03 3.926241247789481037e-15
6.177743778774021848e+03 3.893858041209267845e-15
6.180743778774021848e+03 3.883381752350424562e-15
6.183743778774021848e+03 3.887321706171702907e-15
6.186743778774021848e+03 3.855448107440230286e-15
6.189743778774021848e+03 3.827372720887410154e-15
6.192743778774021848e+03 3.800526067618408582e-15
6.195743778774021848e+03 3.772609455816996104e-15
6.198743778774021848e+03 3.769672355036261518e-15
6.201743778774021848e+03 3.767992309385524979e-15
6.204743778774021848e+03 3.761422113034862195e-15
6.207743778774021848e+03 3.714746732175087186e-15
6.210743778774021848e+03 3.696026814882862843e-15
6.213743778774021848e+03 3.692583589549707828e-15
6.216743778774021848e+03 3.687520999657412136e-15
6.219743778774021848e+03 3.662765751298972418e-15
6.222743778774021848e+03 3.635709649930089697e-15
6.225743778774021848e+03 3.611757342472274129e-15
6.228743778774021848e+03 3.546660843271641033e-15
6.231743778774021848e+03 3.518865786752132542e-15
6.234743778774021848e+03 3.515899281045311627e-15
6.237743778774021848e+03 3.502927898216078123e-15
6.240743778774021848e+03 3.484580751363911886e-15
6.243743778774021848e+03 3.472051348999918667e-15
6.246743778774021848e+03 3.473573197462219848e-15
6.249743778774021848e+03 3.475716578511330950e-15
6.252743778774021848e+03 3.460983322912851023e-15
6.255743778774021848e+03 3.430521674545191783e-15
6.258743778774021848e+03 3.396445128531397264e-15
6.261743778774021848e+03 3.413234386590616972e-15
6.264743778774021848e+03 3.445383833708258103e-15
6.267743778774021848e+03 3.462637568550611501e-15
6.270743778774021848e+03 3.464864307756561305e-15
6.273743778774021848e+03 3.472722694018410182e-15
6.276743778774021848e+03 3.490588615370219956e-15
6.279743778774021848e+03 3.529951839436712848e-15
6.282743778774021848e+03 3.559212216095072354e-15
6.285743778774021848e+03 3.577507412285370767e-15
6.288743778774021848e+03 3.578093558550654138e-15
6.291743778774021848e+03 3.557941576423875888e-15
6.294743778774021848e+03 3.559616257885906347e-15
6.297743778774021848e+03 3.598807022380515914e-15
6.300743778774021848e+03 3.642891971493712815e-15
6.303743778774021848e+03 3.667579586294370472e-15
6.306743778774021848e+03 3.679128305411871180e-15
6.309743778774021848e+03 3.692467232962794648e-15
6.312743778774021848e+03 3.694267791533354280e-15
6.315743778774021848e+03 3.700996347485248552e-15
6.318743778774021848e+03 3.723066752938949978e-15
6.321743778774021848e+03 3.743534950971582594e-15
6.324743778774021848e+03 3.746751932389966958e-15
6.327743778774021848e+03 3.734425555647046032e-15
6.330743778774021848e+03 3.718699500626934140e-15
6.333743778774021848e+03 3.728301646277302237e-15
6.336743778774021848e+03 3.742696399664355967e-15
6.339743778774021848e+03 3.743958545754149907e-15
6.342743778774021848e+03 3.718379093414988771e-15
6.345743778774021848e+03 3.719738478957315457e-15
6.348743778774021848e+03 3.751666380706893861e-15
6.351743778774021848e+03 3.740465230718081827e-15
6.354743778774021848e+03 3.689963972930292252e-15
6.357743778774021848e+03 3.631851919951604654e-15
6.360743778774021848e+03 3.615611734953734963e-15
6.363743778774021848e+03 3.593490345601253097e-15
6.366743778774021848e+03 3.582437703492765583e-15
6.369743778774021848e+03 3.588263128913746306e-15
6.372743778774021848e+03 3.568634089286294487e-15
6.375743778774021848e+03 3.520533807382259888e-15
6.378743778774021848e+03 3.454327125371177584e-15
6.381743778774021848e+03 3.393511342452818180e-15
6.384743778774021848e+03 3.349748061891207250e-15
6.387743778774021848e+03 3.311705436286484975e-15
6.390743778774021848e+03 3.274918070677606202e-15
6.393743778774021848e+03 3.248796119538487345e-15
6.396743778774021848e+03 3.207323666786301319e-15
6.399743778774021848e+03 3.157038749233576615e-15
6.402743778774021848e+03 3.139679773235259199e-15
6.405743778774021848e+03 3.127170656528459587e-15
6.408743778774021848e+03 3.107418267832215587e-15
6.411743778774021848e+03 3.066741742077278524e-15
6.414743778774021848e+03 3.044003918656614297e-15
6.417743778774021848e+03 3.035836934872063133e-15
6.420743778774021848e+03 3.039902916793382401e-15
6.423743778774021848e+03 3.029080810322396565e-15
6.426743778774021848e+03 3.030488846919997785e-15
6.429743778774021848e+03 3.047149552080993676e-15
6.432743778774021848e+03 3.090919363835266061e-15
6.435743778774021848e+03 3.171233122653476330e-15
6.438743778774021848e+03 3.280844755470884300e-15
6.441743778774021848e+03 3.419969735200507422e-15
6.444743778774021848e+03 3.526099461086458233e-15
6.447743778774021848e+03 3.648317999848437390e-15
6.450743778774021848e+03 3.786690401826297338e-15
6.453743778774021848e+03 3.948496199251520944e-15
6.456743778774021848e+03 4.096689992965636505e-15
6.459743778774021848e+03 4.265627570389842732e-15
6.462743778774021848e+03 4.476794102491348138e-15
6.465743778774021848e+03 4.703605469011227494e-15
6.468743778774021848e+03 4.901615649687133185e-15
6.471743778774021848e+03 5.072579178593079426e-15
6.474743778774021848e+03 5.227763164517270565e-15
6.477743778774021848e+03 5.355285071702118465e-15
6.480743778774021848e+03 5.479652090699383792e-15
6.483743778774021848e+03 5.620551286687910646e-15
6.486743778774021848e+03 5.715964997632301621e-15
6.489743778774021848e+03 5.795477255436408656e-15
6.492743778774021848e+03 5.865633113804385897e-15
6.495743778774021848e+03 5.959680178589450247e-15
6.498743778774021848e+03 6.068682637009221779e-15
6.501743778774021848e+03 6.177469497657774022e-15
6.504743778774021848e+03 6.263588409729292887e-15
6.507743778774021848e+03 6.340512940486843556e-15
6.510743778774021848e+03 6.418886054312375569e-15
6.513743778774021848e+03 6.500699718175252072e-15
6.516743778774021848e+03 6.547108728044249964e-15
6.519743778774021848e+03 6.590695637623230312e-15
6.522743778774021848e+03 6.636651695954753585e-15
6.525743778774021848e+03 6.699621859716563312e-15
6.528743778774021848e+03 6.722688047809546992e-15
6.531743778774021848e+03 6.719592607417244469e-15
6.534743778774021848e+03 6.690960299322918425e-15
6.537743778774021848e+03 6.691489187130491973e-15
6.540743778774021848e+03 6.702631148958377414e-15
6.543743778774021848e+03 6.718863843229963151e-15
6.546743778774021848e+03 6.719034775409308144e-15
6.549743778774021848e+03 6.692791991278077800e-15
6.552743778774021848e+03 6.662112990386000637e-15
6.555743778774021848e+03 6.642989734240510302e-15
6.558743778774021848e+03 6.595032320315854164e-15
6.561743778774021848e+03 6.537425388819878534e-15
6.564743778774021848e+03 6.468984672466710070e-15
6.567743778774021848e+03 6.356345123388774601e-15
6.570743778774021848e+03 6.267785716089929684e-15
6.573743778774021848e+03 6.189179385657679879e-15
6.576743778774021848e+03 6.105492125189442727e-15
6.579743778774021848e+03 6.015698865397294529e-15
6.582743778774021848e+03 5.916009637823161730e-15
6.585743778774021848e+03 5.805006827420387578e-15
6.588743778774021848e+03 5.693801658171632669e-15
6.591743778774021848e+03 5.623373889390378345e-15
6.594743778774021848e+03 5.576157330624024435e-15
6.597743778774021848e+03 5.519998389582530921e-15
6.600743778774021848e+03 5.416865117064032563e-15
6.603743778774021848e+03 5.308909431905840440e-15
6.606743778774021848e+03 5.213098294090392650e-15
6.609743778774021848e+03 5.167838376539001630e-15
6.612743778774021848e+03 5.125919078153931025e-15
6.615743778774021848e+03 5.079158720925842377e-15
6.618743778774021848e+03 4.996206340841409153e-15
6.621743778774021848e+03 4.909045336439606088e-15
6.624743778774021848e+03 4.836765658505850010e-15
6.627743778774021848e+03 4.798660966157186751e-15
6.630743778774021848e+03 4.746969746531274419e-15
6.633743778774021848e+03 4.683812265577252383e-15
6.636743778774021848e+03 4.613780478774610009e-15
6.639743778774021848e+03 4.576449919355698308e-15
6.642743778774021848e+03 4.522864900284281213e-15
6.645743778774021848e+03 4.470115649090968111e-15
6.648743778774021848e+03 4.440754478907769430e-15
6.651743778774021848e+03 4.399877282506665986e-15
6.654743778774021848e+03 4.351816769206583788e-15
6.657743778774021848e+03 4.297359523313171002e-15
6.660743778774021848e+03 4.247477326525748335e-15
6.663743778774021848e+03 4.178030278904959024e-15
6.666743778774021848e+03 4.105813543846237782e-15
6.669743778774021848e+03 4.067872322963710138e-15
6.672743778774021848e+03 4.067535056303379582e-15
6.675743778774021848e+03 4.049360396984605143e-15
6.678743778774021848e+03 3.988060286602276201e-15
6.681743778774021848e+03 3.885838641579968780e-15
6.684743778774021848e+03 3.828884853568476125e-15
6.687743778774021848e+03 3.807719816470471741e-15
6.690743778774021848e+03 3.787376105737180591e-15
6.693743778774021848e+03 3.766807827849427677e-15
6.696743778774021848e+03 3.736255091310160494e-15
6.699743778774021848e+03 3.685654079152948277e-15
6.702743778774021848e+03 3.635679429626613248e-15
6.705743778774021848e+03 3.591371655832400029e-15
6.708743778774021848e+03 3.551601559414496867e-15
6.711743778774021848e+03 3.503425292325850153e-15
6.714743778774021848e+03 3.470825265186447770e-15
6.717743778774021848e+03 3.449757532980353106e-15
6.720743778774021848e+03 3.440295189368440316e-15
6.723743778774021848e+03 3.423473044444001601e-15
6.726743778774021848e+03 3.408702618241082631e-15
6.729743778774021848e+03 3.397551531140287669e-15
6.732743778774021848e+03 3.378975932005184903e-15
6.735743778774021848e+03 3.365820286452284526e-15
6.738743778774021848e+03 3.356010958648608794e-15
6.741743778774021848e+03 3.346705820877419877e-15
6.744743778774021848e+03 3.331100552547169870e-15
6.747743778774021848e+03 3.315127283954968336e-15
6.750743778774021848e+03 3.300926486424692280e-15
6.753743778774021848e+03 3.288737673870113239e-15
6.756743778774021848e+03 3.274515704033418783e-15
6.759743778774021848e+03 3.257455261308569519e-15
6.762743778774021848e+03 3.233638877398643234e-15
6.765743778774021848e+03 3.214299381536339253e-15
6.768743778774021848e+03 3.199475006321260554e-15
6.771743778774021848e+03 3.190569704523870131e-15
6.774743778774021848e+03 3.180452850537331935e-15
6.777743778774021848e+03 3.181718419739822479e-15
6.780743778774021848e+03 3.192216911010780687e-15
6.783743778774021848e+03 3.188787969032145633e-15
6.786743778774021848e+03 3.171952872005465540e-15
6.789743778774021848e+03 3.151950722115137778e-15
6.792743778774021848e+03 3.139157564813298671e-15
6.795743778774021848e+03 3.129613111104006713e-15
6.798743778774021848e+03 3.126587773509432129e-15
6.801743778774021848e+03 3.130199645644112746e-15
6.804743778774021848e+03 3.123273003690922618e-15
6.807743778774021848e+03 3.108670762469448547e-15
6.810743778774021848e+03 3.094129041566666541e-15
6.813743778774021848e+03 3.095146213233198195e-15
6.816743778774021848e+03 3.089366828181915551e-15
6.819743778774021848e+03 3.083774375415342382e-15
6.822743778774021848e+03 3.080814873288449487e-15
6.825743778774021848e+03 3.086196788635204491e-15
6.828743778774021848e+03 3.087176641798315737e-15
6.831743778774021848e+03 3.082825411152080156e-15
6.834743778774021848e+03 3.068214417304043606e-15
6.837743778774021848e+03 3.061123399146428550e-15
6.840743778774021848e+03 3.056470884620070767e-15
6.843743778774021848e+03 3.051818370093712984e-15
6.846743778774021848e+03 3.047165855567354806e-15
6.849743778774021848e+03 3.042513341040997023e-15
6.852743778774021848e+03 3.037860826514639240e-15
6.855743778774021848e+03 3.033208311988281063e-15
6.858743778774021848e+03 3.028555797461923280e-15
6.861743778774021848e+03 3.023903282935565497e-15
6.864743778774021848e+03 3.019250768409207320e-15
6.867743778774021848e+03 3.014598253882849537e-15
6.870743778774021848e+03 3.009945739356491359e-15
6.873743778774021848e+03 3.005293224830133576e-15
6.876743778774021848e+03 3.000640710303775793e-15
6.879743778774021848e+03 2.995988195777417616e-15
6.882743778774021848e+03 2.991335681251059833e-15
6.885743778774021848e+03 2.986683166724702050e-15
6.888743778774021848e+03 2.982030652198343873e-15
6.891743778774021848e+03 2.977378137671986090e-15
6.894743778774021848e+03 2.972725623145628307e-15
6.897743778774021848e+03 2.968073108619270129e-15
6.900743778774021848e+03 2.963420594092912346e-15
6.903743778774021848e+03 2.958768079566554563e-15
6.906743778774021848e+03 2.954115565040196386e-15
6.909743778774021848e+03 2.949463050513838603e-15
6.912743778774021848e+03 2.944810535987480820e-15
6.915743778774021848e+03 2.940158021461122643e-15
6.918743778774021848e+03 2.935505506934764860e-15
6.921743778774021848e+03 2.930852992408406682e-15
6.924743778774021848e+03 2.926200477882048899e-15
6.927743778774021848e+03 2.921547963355691116e-15
6.930743778774021848e+03 2.916895448829332939e-15
6.933743778774021848e+03 2.912242934302975156e-15
6.936743778774021848e+03 2.907590419776617373e-15
6.939743778774021848e+03 2.908344052410248437e-15
6.942743778774021848e+03 2.907559270115518020e-15
6.945743778774021848e+03 2.903983886446430898e-15
6.948743778774021848e+03 2.896497080684780731e-15
6.951743778774021848e+03 2.887429109203720870e-15
6.954743778774021848e+03 2.877284613869725660e-15
6.957743778774021848e+03 2.866439358724496135e-15
6.960743778774021848e+03 2.855735557242912742e-15
6.963743778774021848e+03 2.845191458040075993e-15
6.966743778774021848e+03 2.834833222167415619e-15
6.969743778774021848e+03 2.825349738756349045e-15
6.972743778774021848e+03 2.816673059821553268e-15
6.975743778774021848e+03 2.808928336387579485e-15
6.978743778774021848e+03 2.802890080910008305e-15
6.981743778774021848e+03 2.798839924255683261e-15
6.984743778774021848e+03 2.796534065867155905e-15
6.987743778774021848e+03 2.796291122537653239e-15
6.990743778774021848e+03 2.798482028231877634e-15
6.993743778774021848e+03 2.801773897183536079e-15
6.996743778774021848e+03 2.806013181755470546e-15
6.999743778774021848e+03 2.811034957347600493e-15
7.002743778774021848e+03 2.816226311392135463e-15
7.005743778774021848e+03 2.821429544735926306e-15
7.008743778774021848e+03 2.826499797369828203e-15
7.011743778774021848e+03 2.830946066314397969e-15
7.014743778774021848e+03 2.834771136096249140e-15
7.017743778774021848e+03 2.837905376884794638e-15
7.020743778774021848e+03 2.839677202182847286e-15
7.023743778774021848e+03 2.840342808005360279e-15
7.026743778774021848e+03 2.839981596293217311e-15
7.029743778774021848e+03 2.838241736815556500e-15
7.032743778774021848e+03 2.835043536597246284e-15
7.035743778774021848e+03 2.830889825884993633e-15
7.038743778774021848e+03 2.825810053679293855e-15
7.041743778774021848e+03 2.819027191690357431e-15
7.044743778774021848e+03 2.811815683967421693e-15
7.047743778774021848e+03 2.804427128512518177e-15
7.050743778774021848e+03 2.797527448605625623e-15
7.053743778774021848e+03 2.792369606844012187e-15
7.056743778774021848e+03 2.788704363117170198e-15
7.059743778774021848e+03 2.786767069394164149e-15
7.062743778774021848e+03 2.784632396123671235e-15
7.065743778774021848e+03 2.781249007099045039e-15
7.068743778774021848e+03 2.776163250441527360e-15
7.071743778774021848e+03 2.766698847295818326e-15
7.074743778774021848e+03 2.756203761567664832e-15
7.077743778774021848e+03 2.745634588259125157e-15
7.080743778774021848e+03 2.735815034605460347e-15
7.083743778774021848e+03 2.730437435219319423e-15
7.086743778774021848e+03 2.727199206560705258e-15
7.089743778774021848e+03 2.725750047539143434e-15
7.092743778774021848e+03 2.725086851684329703e-15
7.095743778774021848e+03 2.723210773605646726e-15
7.098743778774021848e+03 2.720024984155111689e-15
7.101743778774021848e+03 2.714771646278372993e-15
7.104743778774021848e+03 2.708759785994004085e-15
7.107743778774021848e+03 2.702619625069262572e-15
7.110743778774021848e+03 2.696520309673920230e-15
7.113743778774021848e+03 2.691471663688381509e-15
7.116743778774021848e+03 2.686712404288547440e-15
7.119743778774021848e+03 2.682180659375891128e-15
7.122743778774021848e+03 2.677807226799286538e-15
7.125743778774021848e+03 2.673794309337491360e-15
7.128743778774021848e+03 2.669283101827449626e-15
7.131743778774021848e+03 2.663750785358961099e-15
7.134743778774021848e+03 2.654886815350916705e-15
7.137743778774021848e+03 2.642473268833798057e-15
7.140743778774021848e+03 2.626534821287338585e-15
7.143743778774021848e+03 2.606101190886469888e-15
7.146743778774021848e+03 2.584671512285160018e-15
7.149743778774021848e+03 2.563471793263753724e-15
7.152743778774021848e+03 2.543609444603432554e-15
7.155743778774021848e+03 2.528152412619399847e-15
7.158743778774021848e+03 2.515121829142069787e-15
7.161743778774021848e+03 2.504419082842441310e-15
7.164743778774021848e+03 2.497275860870800854e-15
7.167743778774021848e+03 2.492162666259516783e-15
7.170743778774021848e+03 2.489136026678932645e-15
7.173743778774021848e+03 2.489232977745709147e-15
7.176743778774021848e+03 2.493344387686239018e-15
7.179743778774021848e+03 2.500822383108585524e-15
7.182743778774021848e+03 2.511819582507468478e-15
7.185743778774021848e+03 2.526451394354080304e-15
7.188743778774021848e+03 2.541115243693874155e-15
7.191743778774021848e+03 2.555094013998372203e-15
7.194743778774021848e+03 2.566234941718625176e-15
7.197743778774021848e+03 2.572800673889739603e-15
7.200743778774021848e+03 2.576537184125682550e-15
7.203743778774021848e+03 2.577628381942843649e-15
7.206743778774021848e+03 2.575325840858111395e-15
7.209743778774021848e+03 2.571556293906712738e-15
7.212743778774021848e+03 2.566504286138785216e-15
7.215743778774021848e+03 2.560252990497913615e-15
7.218743778774021848e+03 2.553810171608100791e-15
7.221743778774021848e+03 2.547739203046061751e-15
7.224743778774021848e+03 2.542610734322802730e-15
7.227743778774021848e+03 2.538535549216149585e-15
7.230743778774021848e+03 2.534863571315072627e-15
7.233743778774021848e+03 2.531485677073532359e-15
7.236743778774021848e+03 2.528038658196908714e-15
7.239743778774021848e+03 2.524430356959434461e-15
7.242743778774021848e+03 2.520854783906416580e-15
7.245743778774021848e+03 2.517590355362908249e-15
7.248743778774021848e+03 2.514955836194885353e-15
7.251743778774021848e+03 2.512888637235879059e-15
7.254743778774021848e+03 2.511432774860282243e-15
7.257743778774021848e+03 2.510967772863868268e-15
7.260743778774021848e+03 2.511126867111762120e-15
7.263743778774021848e+03 2.511942917336162876e-15
7.266743778774021848e+03 2.513800342158451116e-15
7.269743778774021848e+03 2.515767198848896106e-15
7.272743778774021848e+03 2.517401723097168819e-15
7.275743778774021848e+03 2.518454875391861567e-15
7.278743778774021848e+03 2.517080748612746026e-15
7.281743778774021848e+03 2.514458882445490937e-15
7.284743778774021848e+03 2.510872654155214013e-15
7.287743778774021848e+03 2.507055382931980035e-15
7.290743778774021848e+03 2.504049627576198640e-15
7.293743778774021848e+03 2.502089922726229147e-15
7.296743778774021848e+03 2.501695520803005993e-15
7.299743778774021848e+03 2.503544349612560489e-15
7.302743778774021848e+03 2.506964608637348074e-15
7.305743778774021848e+03 2.512041709535400152e-15
7.308743778774021848e+03 2.520207232097920051e-15
7.311743778774021848e+03 2.528487531201336002e-15
7.314743778774021848e+03 2.536114117603776382e-15
7.317743778774021848e+03 2.541818310168269418e-15
7.320743778774021848e+03 2.542062318872665022e-15
7.323743778774021848e+03 2.538710806602522850e-15
7.326743778774021848e+03 2.531883013124493733e-15
7.329743778774021848e+03 2.521197571489024726e-15
7.332743778774021848e+03 2.509096171687511513e-15
7.335743778774021848e+03 2.496026727578558961e-15
7.338743778774021848e+03 2.482537162951020202e-15
7.341743778774021848e+03 2.469455247628865720e-15
7.344743778774021848e+03 2.457162337004794389e-15
7.347743778774021848e+03 2.445947652117849217e-15
7.350743778774021848e+03 2.437499479976172024e-15
7.353743778774021848e+03 2.431064993938741867e-15
7.356743778774021848e+03 2.426702579464686581e-15
7.359743778774021848e+03 2.425493596860545838e-15
7.362743778774021848e+03 2.427872793142168312e-15
7.365743778774021848e+03 2.432146775993076954e-15
7.368743778774021848e+03 2.437744324930913196e-15
7.371743778774021848e+03 2.442110757585055790e-15
7.374743778774021848e+03 2.443722953874338933e-15
7.377743778774021848e+03 2.442177356483447666e-15
7.380743778774021848e+03 2.435038461226629112e-15
7.383743778774021848e+03 2.425738416264292127e-15
7.386743778774021848e+03 2.415143014209310401e-15
7.389743778774021848e+03 2.403731311373106155e-15
7.392743778774021848e+03 2.393325216966234085e-15
7.395743778774021848e+03 2.384069828181714007e-15
7.398743778774021848e+03 2.376155047210181225e-15
7.401743778774021848e+03 2.371503385628383879e-15
7.404743778774021848e+03 2.370029575645010201e-15
7.407743778774021848e+03 2.371200923113539514e-15
7.410743778774021848e+03 2.375156441677721343e-15
7.413743778774021848e+03 2.380613742497778923e-15
7.416743778774021848e+03 2.386403647752409082e-15
7.419743778774021848e+03 2.392154037893463006e-15
7.422743778774021848e+03 2.396764148383208632e-15
7.425743778774021848e+03 2.400487135817209614e-15
7.428743778774021848e+03 2.403199172352076583e-15
7.431743778774021848e+03 2.404027050298369949e-15
7.434743778774021848e+03 2.402967793817745677e-15
7.437743778774021848e+03 2.401033240403812471e-15
7.440743778774021848e+03 2.398616042021802219e-15
7.443743778774021848e+03 2.396749432464305867e-15
7.446743778774021848e+03 2.396104262395059852e-15
7.449743778774021848e+03 2.396710809083836766e-15
7.452743778774021848e+03 2.398575454435357866e-15
7.455743778774021848e+03 2.400847308068127413e-15
7.458743778774021848e+03 2.403367501488538225e-15
7.461743778774021848e+03 2.406061635473652987e-15
7.464743778774021848e+03 2.407498618542435140e-15
7.467743778774021848e+03 2.407195227207169920e-15
7.470743778774021848e+03 2.404790868331346997e-15
7.473743778774021848e+03 2.396983281889147483e-15
7.476743778774021848e+03 2.385264440717058805e-15
7.479743778774021848e+03 2.370862325794538345e-15
7.482743778774021848e+03 2.354911021088311375e-15
7.485743778774021848e+03 2.339752284085623623e-15
7.488743778774021848e+03 2.326497480960247936e-15
7.491743778774021848e+03 2.315800628924256580e-15
7.494743778774021848e+03 2.309353003897639260e-15
7.497743778774021848e+03 2.305550917311590429e-15
7.500743778774021848e+03 2.304618060715691610e-15
7.503743778774021848e+03 2.308522295183693628e-15
7.506743778774021848e+03 2.314266047408668402e-15
7.509743778774021848e+03 2.320123254569666246e-15
7.512743778774021848e+03 2.325076247495788066e-15
7.515743778774021848e+03 2.323726058271801309e-15
7.518743778774021848e+03 2.318443221729035265e-15
7.521743778774021848e+03 2.310064788219187760e-15
7.524743778774021848e+03 2.302396002007228994e-15
7.527743778774021848e+03 2.299198111951430379e-15
7.530743778774021848e+03 2.301354644246979575e-15
7.533743778774021848e+03 2.311986000908132981e-15
7.536743778774021848e+03 2.327738290100390978e-15
7.539743778774021848e+03 2.345140418598438723e-15
7.542743778774021848e+03 2.363428977727472001e-15
7.545743778774021848e+03 2.378531316196023353e-15
7.548743778774021848e+03 2.382919370716593546e-15
7.551743778774021848e+03 2.381361016859883078e-15
7.554743778774021848e+03 2.379802663003172217e-15
7.557743778774021848e+03 2.378244309146461750e-15
7.560743778774021848e+03 2.376685955289750888e-15
7.563743778774021848e+03 2.375127601433040026e-15
7.566743778774021848e+03 2.373569247576329559e-15
7.569743778774021848e+03 2.372010893719618697e-15
7.572743778774021848e+03 2.370452539862908230e-15
7.575743778774021848e+03 2.368894186006197368e-15
7.578743778774021848e+03 2.367335832149486507e-15
7.581743778774021848e+03 2.365777478292776039e-15
7.584743778774021848e+03 2.364219124436065178e-15
7.587743778774021848e+03 2.362660770579354711e-15
7.590743778774021848e+03 2.361102416722643849e-15
7.593743778774021848e+03 2.359544062865932987e-15
7.596743778774021848e+03 2.357985709009222520e-15
7.599743778774021848e+03 2.356427355152511658e-15
7.602743778774021848e+03 2.354869001295801191e-15
7.605743778774021848e+03 2.353310647439090329e-15
7.608743778774021848e+03 2.351752293582379862e-15
7.611743778774021848e+03 2.350193939725669000e-15
7.614743778774021848e+03 2.348635585868958139e-15
7.617743778774021848e+03 2.347077232012247671e-15
7.620743778774021848e+03 2.345518878155536810e-15
7.623743778774021848e+03 2.343960524298826343e-15
7.626743778774021848e+03 2.342402170442115481e-15
7.629743778774021848e+03 2.340843816585404619e-15
7.632743778774021848e+03 2.339285462728694152e-15
7.635743778774021848e+03 2.337727108871983290e-15
7.638743778774021848e+03 2.336168755015272823e-15
7.641743778774021848e+03 2.334610401158561961e-15
7.644743778774021848e+03 2.333052047301851100e-15
7.647743778774021848e+03 2.331493693445140632e-15
7.650743778774021848e+03 2.329935339588429771e-15
7.653743778774021848e+03 2.328376985731719303e-15
7.656743778774021848e+03 2.326818631875008442e-15
7.659743778774021848e+03 2.325260278018297580e-15
7.662743778774021848e+03 2.323701924161587113e-15
7.665743778774021848e+03 2.322143570304876251e-15
7.668743778774021848e+03 2.320585216448165784e-15
7.671743778774021848e+03 2.319026862591454922e-15
7.674743778774021848e+03 2.317468508734744061e-15
7.677743778774021848e+03 2.315910154878033593e-15
7.680743778774021848e+03 2.314351801021322732e-15
7.683743778774021848e+03 2.312793447164612264e-15
7.686743778774021848e+03 2.311235093307901403e-15
7.689743778774021848e+03 2.309676739451190541e-15
7.692743778774021848e+03 2.308118385594480074e-15
7.695743778774021848e+03 2.306560031737769212e-15
7.698743778774021848e+03 2.305001677881058745e-15
7.701743778774021848e+03 2.303443324024347883e-15
7.704743778774021848e+03 2.301884970167637022e-15
7.707743778774021848e+03 2.300326616310926554e-15
7.710743778774021848e+03 2.298768262454215693e-15
7.713743778774021848e+03 2.297209908597505225e-15
7.716743778774021848e+03 2.295651554740794364e-15
7.719743778774021848e+03 2.294093200884083502e-15
7.722743778774021848e+03 2.292534847027373035e-15
7.725743778774021848e+03 2.290976493170662173e-15
7.728743778774021848e+03 2.289418139313951706e-15
7.731743778774021848e+03 2.287859785457240844e-15
7.734743778774021848e+03 2.286301431600529982e-15
7.737743778774021848e+03 2.284743077743819515e-15
7.740743778774021848e+03 2.283184723887108654e-15
7.743743778774021848e+03 2.281626370030398186e-15
7.746743778774021848e+03 2.280068016173687325e-15
7.749743778774021848e+03 2.278509662316976463e-15
7.752743778774021848e+03 2.276951308460265996e-15
7.755743778774021848e+03 2.275392954603555134e-15
7.758743778774021848e+03 2.273834600746844667e-15
7.761743778774021848e+03 2.272276246890133805e-15
7.764743778774021848e+03 2.270717893033422943e-15
7.767743778774021848e+03 2.270159569843508408e-15
7.770743778774021848e+03 2.272581215929288519e-15
7.773743778774021848e+03 2.275704972604626792e-15
7.776743778774021848e+03 2.279569059499146151e-15
7.779743778774021848e+03 2.284306384277485942e-15
7.782743778774021848e+03 2.292739169124375448e-15
7.785743778774021848e+03 2.300810197724252618e-15
7.788743778774021848e+03 2.307605494303680430e-15
7.791743778774021848e+03 2.310088702907729336e-15
7.794743778774021848e+03 2.303468154400751944e-15
7.797743778774021848e+03 2.290164927567002319e-15
7.800743778774021848e+03 2.269827873789868867e-15
7.803743778774021848e+03 2.247537260952687528e-15
7.806743778774021848e+03 2.227896628510152944e-15
7.809743778774021848e+03 2.212142455376985623e-15
7.812743778774021848e+03 2.206689205771836217e-15
7.815743778774021848e+03 2.206331154993682692e-15
7.818743778774021848e+03 2.209269894762243361e-15
7.821743778774021848e+03 2.215201914970235720e-15
7.824743778774021848e+03 2.221622532604512568e-15
7.827743778774021848e+03 2.228089259274197892e-15
7.830743778774021848e+03 2.234493333719139504e-15
7.833743778774021848e+03 2.240255209708860150e-15
7.836743778774021848e+03 2.244881712226986277e-15
7.839743778774021848e+03 2.248354586312237282e-15
7.842743778774021848e+03 2.250122097189404541e-15
7.845743778774021848e+03 2.249728675370176743e-15
7.848743778774021848e+03 2.247756455795808711e-15
7.851743778774021848e+03 2.244180365166215011e-15
7.854743778774021848e+03 2.238013782425783535e-15
7.857743778774021848e+03 2.230622442642476464e-15
7.860743778774021848e+03 2.222175829011779855e-15
7.863743778774021848e+03 2.212616767403603800e-15
7.866743778774021848e+03 2.202451139120802605e-15
7.869743778774021848e+03 2.192065608925933280e-15
7.872743778774021848e+03 2.181584402568270230e-15
7.875743778774021848e+03 2.171436446997941593e-15
7.878743778774021848e+03 2.162201381705647497e-15
7.881743778774021848e+03 2.153742732375094198e-15
7.884743778774021848e+03 2.145609223777781426e-15
7.887743778774021848e+03 2.136364282098488226e-15
7.890743778774021848e+03 2.125433322901186356e-15
7.893743778774021848e+03 2.111796733722277570e-15
7.896743778774021848e+03 2.094269332734520588e-15
7.899743778774021848e+03 2.076837541304150458e-15
7.902743778774021848e+03 2.060304326585386365e-15
7.905743778774021848e+03 2.048115853127586375e-15
7.908743778774021848e+03 2.042254760162740757e-15
7.911743778774021848e+03 2.040464532059671254e-15
7.914743778774021848e+03 2.041552023396023560e-15
7.917743778774021848e+03 2.042774452494656500e-15
7.920743778774021848e+03 2.041611794444773001e-15
7.923743778774021848e+03 2.037293884680524457e-15
7.926743778774021848e+03 2.029465567833142893e-15
7.929743778774021848e+03 2.021165752265093039e-15
7.932743778774021848e+03 2.012981084468324341e-15
7.935743778774021848e+03 2.006346619862251248e-15
7.938743778774021848e+03 2.002336661097569711e-15
7.941743778774021848e+03 1.999995289367539267e-15
7.944743778774021848e+03 1.999247453174754108e-15
7.947743778774021848e+03 2.000993657560862918e-15
7.950743778774021848e+03 2.004077945015968903e-15
7.953743778774021848e+03 2.008253004492349168e-15
7.956743778774021848e+03 2.012997224763785343e-15
7.959743778774021848e+03 2.017205576613875999e-15
7.962743778774021848e+03 2.020500865271988430e-15
7.965743778774021848e+03 2.022311183520646485e-15
7.968743778774021848e+03 2.021491045271438998e-15
7.971743778774021848e+03 2.018793304393859012e-15
7.974743778774021848e+03 2.014088621732224368e-15
7.977743778774021848e+03 2.005493470972597595e-15
7.980743778774021848e+03 1.994963538841573274e-15
7.983743778774021848e+03 1.983573835213711200e-15
7.986743778774021848e+03 1.972295939904812555e-15
7.989743778774021848e+03 1.963670037779163882e-15
7.992743778774021848e+03 1.957780008803465277e-15
7.995743778774021848e+03 1.954804112418897390e-15
7.998743778774021848e+03 1.953883119458248531e-15
8.001743778774021848e+03 1.953170968748087177e-15
8.004743778774021848e+03 1.952138964846521583e-15
8.007743778774021848e+03 1.949471700738274601e-15
8.010743778774021848e+03 1.945735766536917105e-15
8.013743778774021848e+03 1.941418649269698751e-15
8.016743778774021848e+03 1.936606186902095521e-15
8.019743778774021848e+03 1.931145542281007723e-15
8.022743778774021848e+03 1.925971297709883325e-15
8.025743778774021848e+03 1.921327778131806596e-15
8.028743778774021848e+03 1.918311531763813631e-15
8.031743778774021848e+03 1.917993386423947590e-15
8.034743778774021848e+03 1.919939913240834077e-15
8.037743778774021848e+03 1.924563841720348609e-15
8.040743778774021848e+03 1.930475666304096881e-15
8.043743778774021848e+03 1.936295703618541569e-15
8.046743778774021848e+03 1.941699442988227670e-15
8.049743778774021848e+03 1.945073110067803485e-15
8.052743778774021848e+03 1.946431073155866610e-15
8.055743778774021848e+03 1.945913238611677292e-15
8.058743778774021848e+03 1.942881527823517625e-15
8.061743778774021848e+03 1.935072252035957399e-15
8.064743778774021848e+03 1.925888710386541901e-15
8.067743778774021848e+03 1.916079904520833051e-15
8.070743778774021848e+03 1.909290994503816082e-15
8.073743778774021848e+03 1.908320822381666195e-15
8.076743778774021848e+03 1.912768518711049390e-15
8.079743778774021848e+03 1.924384895384827086e-15
8.082743778774021848e+03 1.937253812822533845e-15
8.085743778774021848e+03 1.948760798384969004e-15
8.088743778774021848e+03 1.957757208567485586e-15
8.091743778774021848e+03 1.957066191492372547e-15
8.094743778774021848e+03 1.952793271999081735e-15
8.097743778774021848e+03 1.945309895101406166e-15
8.100743778774021848e+03 1.934442608256855494e-15
8.103743778774021848e+03 1.922246125696590147e-15
8.106743778774021848e+03 1.909701567236091676e-15
8.109743778774021848e+03 1.897330983001145809e-15
8.112743778774021848e+03 1.886919375639400179e-15
8.115743778774021848e+03 1.879682282597220983e-15
8.118743778774021848e+03 1.875690667379812104e-15
8.121743778774021848e+03 1.875303042304180039e-15
8.124743778774021848e+03 1.874151587284087591e-15
8.127743778774021848e+03 1.870916188103001662e-15
8.130743778774021848e+03 1.863268000719317262e-15
8.133743778774021848e+03 1.847593716708036735e-15
8.136743778774021848e+03 1.830522569531641786e-15
8.139743778774021848e+03 1.813449031927286283e-15
8.142743778774021848e+03 1.801328731683163580e-15
8.145743778774021848e+03 1.797526894170804252e-15
8.148743778774021848e+03 1.800126373846323060e-15
8.151743778774021848e+03 1.808476450868525209e-15
8.154743778774021848e+03 1.819386105223188155e-15
8.157743778774021848e+03 1.829610872183516898e-15
8.160743778774021848e+03 1.837972865416942613e-15
8.163743778774021848e+03 1.843878400694424581e-15
8.166743778774021848e+03 1.849919274350023998e-15
8.169743778774021848e+03 1.856530411143212235e-15
8.172743778774021848e+03 1.865386798794508035e-15
8.175743778774021848e+03 1.876820785700586830e-15
8.178743778774021848e+03 1.888866092612212878e-15
8.181743778774021848e+03 1.900519304282940517e-15
8.184743778774021848e+03 1.909233133992115702e-15
8.187743778774021848e+03 1.914583434892248517e-15
8.190743778774021848e+03 1.916629351697545704e-15
8.193743778774021848e+03 1.915243222328746333e-15
8.196743778774021848e+03 1.912159561916518217e-15
8.199743778774021848e+03 1.908138465031887099e-15
8.202743778774021848e+03 1.903589496538351663e-15
8.205743778774021848e+03 1.899275873016745627e-15
8.208743778774021848e+03 1.895490439874755987e-15
8.211743778774021848e+03 1.892414448287795851e-15
8.214743778774021848e+03 1.891771552986260260e-15
8.217743778774021848e+03 1.892509232338113318e-15
8.220743778774021848e+03 1.893870216493068464e-15
8.223743778774021848e+03 1.894781312271199726e-15
8.226743778774021848e+03 1.893272437491754877e-15
8.229743778774021848e+03 1.889115162466710367e-15
8.232743778774021848e+03 1.881909364461627638e-15
8.235743778774021848e+03 1.873013551496221623e-15
8.238743778774021848e+03 1.864426546057691327e-15
8.241743778774021848e+03 1.856781198796891224e-15
8.244743778774021848e+03 1.852514337542727674e-15
8.247743778774021848e+03 1.849515611705181348e-15
8.250743778774021848e+03 1.846707217380686853e-15
8.253743778774021848e+03 1.843535687566842514e-15
8.256743778774021848e+03 1.836824073713086430e-15
8.259743778774021848e+03 1.828306908407887874e-15
8.262743778774021848e+03 1.818413871814819865e-15
8.265743778774021848e+03 1.808723879743160719e-15
8.268743778774021848e+03 1.800987011656325341e-15
8.271743778774021848e+03 1.795440383023544276e-15
8.274743778774021848e+03 1.793175550328752747e-15
8.277743778774021848e+03 1.793590191276877465e-15
8.280743778774021848e+03 1.795412148034350443e-15
8.283743778774021848e+03 1.798515898302497386e-15
8.286743778774021848e+03 1.803189998105620370e-15
8.289743778774021848e+03 1.807071364628259304e-15
8.292743778774021848e+03 1.809676348194359432e-15
8.295743778774021848e+03 1.809582907591879400e-15
8.298743778774021848e+03 1.802985988684197828e-15
8.301743778774021848e+03 1.793061871696701017e-15
8.304743778774021848e+03 1.780372367242654388e-15
8.307743778774021848e+03 1.768197683921422868e-15
8.310743778774021848e+03 1.759678655856496533e-15
8.313743778774021848e+03 1.755216129898644645e-15
8.316743778774021848e+03 1.757726203768372137e-15
8.319743778774021848e+03 1.762473713892790868e-15
8.322743778774021848e+03 1.767643020317382520e-15
8.325743778774021848e+03 1.772386066491266315e-15
8.328743778774021848e+03 1.772292901235969243e-15
8.331743778774021848e+03 1.770669150546394243e-15
8.334743778774021848e+03 1.767837225453963472e-15
8.337743778774021848e+03 1.764206616237929387e-15
8.340743778774021848e+03 1.761967736388515422e-15
8.343743778774021848e+03 1.760286042972987367e-15
8.346743778774021848e+03 1.758608697092580392e-15
8.349743778774021848e+03 1.755057430950965347e-15
8.352743778774021848e+03 1.748784870424647080e-15
8.355743778774021848e+03 1.739540446643413197e-15
8.358743778774021848e+03 1.726580046368161045e-15
8.361743778774021848e+03 1.715124198533406390e-15
8.364743778774021848e+03 1.706191679260646344e-15
8.367743778774021848e+03 1.702580568891168872e-15
8.370743778774021848e+03 1.708432736224596840e-15
8.373743778774021848e+03 1.719061921504904842e-15
8.376743778774021848e+03 1.733695491698556342e-15
8.379743778774021848e+03 1.752221852003279102e-15
8.382743778774021848e+03 1.771697508384654682e-15
8.385743778774021848e+03 1.791004441908001801e-15
8.388743778774021848e+03 1.806896408913329599e-15
8.391743778774021848e+03 1.815665184854837620e-15
8.394743778774021848e+03 1.815896043202613270e-15
8.397743778774021848e+03 1.804894388871174387e-15
8.400743778774021848e+03 1.781155134037660322e-15
8.403743778774021848e+03 1.756180289528566486e-15
8.406743778774021848e+03 1.732016621379294210e-15
8.409743778774021848e+03 1.716669857970686060e-15
8.412743778774021848e+03 1.714380557234701503e-15
8.415743778774021848e+03 1.719251156133365604e-15
8.418743778774021848e+03 1.728831033055961105e-15
8.421743778774021848e+03 1.738687178004901127e-15
8.424743778774021848e+03 1.744462488497265824e-15
8.427743778774021848e+03 1.745471781605115416e-15
8.430743778774021848e+03 1.741146484625639494e-15
8.433743778774021848e+03 1.734079164753487791e-15
8.436743778774021848e+03 1.724858295030896229e-15
8.439743778774021848e+03 1.713368506096631975e-15
8.442743778774021848e+03 1.701574815279337499e-15
8.445743778774021848e+03 1.690856491921149515e-15
8.448743778774021848e+03 1.681761016949237779e-15
8.451743778774021848e+03 1.679065884742010967e-15
8.454743778774021848e+03 1.681041845924722337e-15
8.457743778774021848e+03 1.686566388155296272e-15
8.460743778774021848e+03 1.694266190750096786e-15
8.463743778774021848e+03 1.701311991362137826e-15
8.466743778774021848e+03 1.706284493046673477e-15
8.469743778774021848e+03 1.708078333168270740e-15
8.472743778774021848e+03 1.707191545641496123e-15
8.475743778774021848e+03 1.705303526035876603e-15
8.478743778774021848e+03 1.702704758083041149e-15
8.481743778774021848e+03 1.700229574817764944e-15
8.484743778774021848e+03 1.697564332432868259e-15
8.487743778774021848e+03 1.694547080818321534e-15
8.490743778774021848e+03 1.690923000559730462e-15
8.493743778774021848e+03 1.686652428175721548e-15
8.496743778774021848e+03 1.681581722795389644e-15
8.499743778774021848e+03 1.675496743874828072e-15
8.502743778774021848e+03 1.666476991478346402e-15
8.505743778774021848e+03 1.654096141377053052e-15
8.508743778774021848e+03 1.638411852604783403e-15
8.511743778774021848e+03 1.618006327581643265e-15
8.514743778774021848e+03 1.598889205402291036e-15
8.517743778774021848e+03 1.583099172312233729e-15
8.520743778774021848e+03 1.571695810536428023e-15
8.523743778774021848e+03 1.575405443823686833e-15
8.526743778774021848e+03 1.584505716865705510e-15
8.529743778774021848e+03 1.597449425178264676e-15
8.532743778774021848e+03 1.612183023401076908e-15
8.535743778774021848e+03 1.621818919503581656e-15
8.538743778774021848e+03 1.627449430876174547e-15
8.541743778774021848e+03 1.628736784268229454e-15
8.544743778774021848e+03 1.627551893231590436e-15
8.547743778774021848e+03 1.626689721316557243e-15
8.550743778774021848e+03 1.626610425627949394e-15
8.553743778774021848e+03 1.629241615402850290e-15
8.556743778774021848e+03 1.631367188354975372e-15
8.559743778774021848e+03 1.632463454179624372e-15
8.562743778774021848e+03 1.631785471785643519e-15
8.565743778774021848e+03 1.626404044688724187e-15
8.568743778774021848e+03 1.618970232078096199e-15
8.571743778774021848e+03 1.609803751666159195e-15
8.574743778774021848e+03 1.599224044259229478e-15
8.577743778774021848e+03 1.588801144591059923e-15
8.580743778774021848e+03 1.578884103560922841e-15
8.583743778774021848e+03 1.570156490127162306e-15
8.586743778774021848e+03 1.563853050775002792e-15
8.589743778774021848e+03 1.559609334128498851e-15
8.592743778774021848e+03 1.557581379818117180e-15
8.595743778774021848e+03 1.560004392400573653e-15
8.598743778774021848e+03 1.566050817078653936e-15
8.601743778774021848e+03 1.575732777310454041e-15
8.604743778774021848e+03 1.590783172412900099e-15
8.607743778774021848e+03 1.612262417582168394e-15
8.610743778774021848e+03 1.635165621222804319e-15
8.613743778774021848e+03 1.657742340232323250e-15
8.616743778774021848e+03 1.673416058933858237e-15
8.619743778774021848e+03 1.680058296986671091e-15
8.622743778774021848e+03 1.677829399747020591e-15
8.625743778774021848e+03 1.664375752286292862e-15
8.628743778774021848e+03 1.644421610917986896e-15
8.631743778774021848e+03 1.620387629333946713e-15
8.634743778774021848e+03 1.592677981873467782e-15
8.637743778774021848e+03 1.564956693159824853e-15
8.640743778774021848e+03 1.540867755514187959e-15
8.643743778774021848e+03 1.521679000382104590e-15
8.646743778774021848e+03 1.515424991626759543e-15
8.649743778774021848e+03 1.522883225678713458e-15
8.652743778774021848e+03 1.539565759016275919e-15
8.655743778774021848e+03 1.563956393557401123e-15
8.658743778774021848e+03 1.591617462803855691e-15
8.661743778774021848e+03 1.617596439295865464e-15
8.664743778774021848e+03 1.640613511376911556e-15
8.667743778774021848e+03 1.657129550869360662e-15
8.670743778774021848e+03 1.668407897477667162e-15
8.673743778774021848e+03 1.674344700983709203e-15
8.676743778774021848e+03 1.672184932221389895e-15
8.679743778774021848e+03 1.662159957363545387e-15
8.682743778774021848e+03 1.647302556448157618e-15
8.685743778774021848e+03 1.627935623959354200e-15
8.688743778774021848e+03 1.603549330453503036e-15
8.691743778774021848e+03 1.577958402842538786e-15
8.694743778774021848e+03 1.552061819686430835e-15
8.697743778774021848e+03 1.528980400189260328e-15
8.700743778774021848e+03 1.511766575142896567e-15
8.703743778774021848e+03 1.500606463144761052e-15
8.706743778774021848e+03 1.497490095168253564e-15
8.709743778774021848e+03 1.506242315577760716e-15
8.712743778774021848e+03 1.522439122690667389e-15
8.715743778774021848e+03 1.546275728000392550e-15
8.718743778774021848e+03 1.583311298404345062e-15
8.721743778774021848e+03 1.624607299339323350e-15
8.724743778774021848e+03 1.666386889036927855e-15
8.727743778774021848e+03 1.704482964276082560e-15
8.730743778774021848e+03 1.727918455467944365e-15
8.733743778774021848e+03 1.738722230328028651e-15
8.736743778774021848e+03 1.736436531771041744e-15
8.739743778774021848e+03 1.719210595528945511e-15
8.742743778774021848e+03 1.694679308931642012e-15
8.745743778774021848e+03 1.664493284022540157e-15
8.748743778774021848e+03 1.629302127224986602e-15
8.751743778774021848e+03 1.594772468288850480e-15
8.754743778774021848e+03 1.563402415641157628e-15
8.757743778774021848e+03 1.536550811686016776e-15
8.760743778774021848e+03 1.527488647303524276e-15
8.763743778774021848e+03 1.525534542023535440e-15
8.766743778774021848e+03 1.529327703914000990e-15
8.769743778774021848e+03 1.536591373953884785e-15
8.772743778774021848e+03 1.539014158757152775e-15
8.775743778774021848e+03 1.537336003072722858e-15
8.778743778774021848e+03 1.530819312436723317e-15
8.781743778774021848e+03 1.527009234714794910e-15
8.784743778774021848e+03 1.528606993557664423e-15
8.787743778774021848e+03 1.536797692865356852e-15
8.790743778774021848e+03 1.559642187699573366e-15
8.793743778774021848e+03 1.585856392331059083e-15
8.796743778774021848e+03 1.612774290728205184e-15
8.799743778774021848e+03 1.637788547669618111e-15
8.802743778774021848e+03 1.652372704552749367e-15
8.805743778774021848e+03 1.659852038993910240e-15
8.808743778774021848e+03 1.660224693339073410e-15
8.811743778774021848e+03 1.649490434854670550e-15
8.814743778774021848e+03 1.630830610140063639e-15
8.817743778774021848e+03 1.605776064271987833e-15
8.820743778774021848e+03 1.574184403481901153e-15
8.823743778774021848e+03 1.540985989381503618e-15
8.826743778774021848e+03 1.509233262808015746e-15
8.829743778774021848e+03 1.480121464551083527e-15
8.832743778774021848e+03 1.460658102918705182e-15
8.835743778774021848e+03 1.446707045532347531e-15
8.838743778774021848e+03 1.438350194893993618e-15
8.841743778774021848e+03 1.438150213588740137e-15
8.844743778774021848e+03 1.445443273804889018e-15
8.847743778774021848e+03 1.457345392881103187e-15
8.850743778774021848e+03 1.473440657721247890e-15
8.853743778774021848e+03 1.492186434040062722e-15
8.856743778774021848e+03 1.510830268185319056e-15
8.859743778774021848e+03 1.528685405362354615e-15
8.862743778774021848e+03 1.542393815232927656e-15
8.865743778774021848e+03 1.550172906257741854e-15
8.868743778774021848e+03 1.551568751974976498e-15
8.871743778774021848e+03 1.543552481179752482e-15
8.874743778774021848e+03 1.523631972318006544e-15
8.877743778774021848e+03 1.500035967875236630e-15
8.880743778774021848e+03 1.474263719072823910e-15
8.883743778774021848e+03 1.451040305620509263e-15
8.886743778774021848e+03 1.434839138268738462e-15
8.889743778774021848e+03 1.423946745677528166e-15
8.892743778774021848e+03 1.417836913734285244e-15
8.895743778774021848e+03 1.414805183955387715e-15
8.898743778774021848e+03 1.412148000398682655e-15
8.901743778774021848e+03 1.409087954529792318e-15
8.904743778774021848e+03 1.406959740372335579e-15
8.907743778774021848e+03 1.406456760357048476e-15
8.910743778774021848e+03 1.407911284063287826e-15
8.913743778774021848e+03 1.413175130322672025e-15
8.916743778774021848e+03 1.421427949924897562e-15
8.919743778774021848e+03 1.430663479913098909e-15
8.922743778774021848e+03 1.440033989824516436e-15
8.925743778774021848e+03 1.447290570349630245e-15
8.928743778774021848e+03 1.451986343112065364e-15
8.931743778774021848e+03 1.453634122071505709e-15
8.934743778774021848e+03 1.448682360200654141e-15
8.937743778774021848e+03 1.436853971295638505e-15
8.940743778774021848e+03 1.417988398734548271e-15
8.943743778774021848e+03 1.389192034844385183e-15
8.946743778774021848e+03 1.356436723214945237e-15
8.949743778774021848e+03 1.325356333159305070e-15
8.952743778774021848e+03 1.297750177409262658e-15
8.955743778774021848e+03 1.285742278369100925e-15
8.958743778774021848e+03 1.284428949676100851e-15
8.961743778774021848e+03 1.290900961902107092e-15
8.964743778774021848e+03 1.303977609856187478e-15
8.967743778774021848e+03 1.319334884795276978e-15
8.970743778774021848e+03 1.334027376084784112e-15
8.973743778774021848e+03 1.347132587830641176e-15
8.976743778774021848e+03 1.357701770193622981e-15
8.979743778774021848e+03 1.365861719032639157e-15
8.982743778774021848e+03 1.371307579468846772e-15
8.985743778774021848e+03 1.371979619148110617e-15
8.988743778774021848e+03 1.370929400522638575e-15
8.991743778774021848e+03 1.369676471667699332e-15
8.994743778774021848e+03 1.368955042876893649e-15
8.997743778774021848e+03 1.373487005900664886e-15
9.000743778774021848e+03 1.380495220905390967e-15
9.003743778774021848e+03 1.389491622745411203e-15
9.006743778774021848e+03 1.399208587461481469e-15
9.009743778774021848e+03 1.407653794967255580e-15
9.012743778774021848e+03 1.414354890575569979e-15
9.015743778774021848e+03 1.418230425336421265e-15
9.018743778774021848e+03 1.417410469307065178e-15
9.021743778774021848e+03 1.412808848058924701e-15
9.024743778774021848e+03 1.404182038021226530e-15
9.027743778774021848e+03 1.388147608519295579e-15
9.030743778774021848e+03 1.369790383717670950e-15
9.033743778774021848e+03 1.350266046629114196e-15
9.036743778774021848e+03 1.330836461929004917e-15
9.039743778774021848e+03 1.314800815454587642e-15
9.042743778774021848e+03 1.302044359127013150e-15
9.045743778774021848e+03 1.292927235224224239e-15
9.048743778774021848e+03 1.291143726558482905e-15
9.051743778774021848e+03 1.295654360925395634e-15
9.054743778774021848e+03 1.305829579909592830e-15
9.057743778774021848e+03 1.322412269888649238e-15
9.060743778774021848e+03 1.338831444525997385e-15
9.063743778774021848e+03 1.352417748511523212e-15
9.066743778774021848e+03 1.361230644820092496e-15
9.069743778774021848e+03 1.356597807197070703e-15
9.072743778774021848e+03 1.348837399085442706e-15
9.075743778774021848e+03 1.339145765255663953e-15
9.078743778774021848e+03 1.330555415875704933e-15
9.081743778774021848e+03 1.329337021774891249e-15
9.084743778774021848e+03 1.332578053740448873e-15
9.087743778774021848e+03 1.339432184370901528e-15
9.090743778774021848e+03 1.347015800681923229e-15
9.093743778774021848e+03 1.352597824739810724e-15
9.096743778774021848e+03 1.355612483365905301e-15
9.099743778774021848e+03 1.353979102492120194e-15
9.102743778774021848e+03 1.350256281305706452e-15
9.105743778774021848e+03 1.344777496942200979e-15
9.108743778774021848e+03 1.337225264007871040e-15
9.111743778774021848e+03 1.328622117598786779e-15
9.114743778774021848e+03 1.321836559064755922e-15
9.117743778774021848e+03 1.317888739590558543e-15
9.120743778774021848e+03 1.323035409544997194e-15
9.123743778774021848e+03 1.337656678335492183e-15
9.126743778774021848e+03 1.359666684921114766e-15
9.129743778774021848e+03 1.386997296186177751e-15
9.132743778774021848e+03 1.413832140201306209e-15
9.135743778774021848e+03 1.436964677901060759e-15
9.138743778774021848e+03 1.454154264503835672e-15
9.141743778774021848e+03 1.460966956205033064e-15
9.144743778774021848e+03 1.462286884735027254e-15
9.147743778774021848e+03 1.458070066634145514e-15
9.150743778774021848e+03 1.445312292629986323e-15
9.153743778774021848e+03 1.427822872820339919e-15
9.156743778774021848e+03 1.410008683834187679e-15
9.159743778774021848e+03 1.395255643628440983e-15
9.162743778774021848e+03 1.393103961747543027e-15
9.165743778774021848e+03 1.404277885367197001e-15
9.168743778774021848e+03 1.428481488775323243e-15
9.171743778774021848e+03 1.461161676595710951e-15
9.174743778774021848e+03 1.492929868634511165e-15
9.177743778774021848e+03 1.519819960999521990e-15
9.180743778774021848e+03 1.534175111947357681e-15
9.183743778774021848e+03 1.537876348020660150e-15
9.186743778774021848e+03 1.536987754283157129e-15
9.189743778774021848e+03 1.532643035316430488e-15
9.192743778774021848e+03 1.528717309947836780e-15
9.195743778774021848e+03 1.526527778662303697e-15
9.198743778774021848e+03 1.525457092324306943e-15
9.201743778774021848e+03 1.524524926991123649e-15
9.204743778774021848e+03 1.523262766832111033e-15
9.207743778774021848e+03 1.521419957341356706e-15
9.210743778774021848e+03 1.518775912040006475e-15
9.213743778774021848e+03 1.513382570775791138e-15
9.216743778774021848e+03 1.505600685618132202e-15
9.219743778774021848e+03 1.495100234929114078e-15
9.222743778774021848e+03 1.479399173601055064e-15
9.225743778774021848e+03 1.461379920309126888e-15
9.228743778774021848e+03 1.442489327433058860e-15
9.231743778774021848e+03 1.423514847807635289e-15
9.234743778774021848e+03 1.406779007901491680e-15
9.237743778774021848e+03 1.392950259080938822e-15
9.240743778774021848e+03 1.382519447450318656e-15
9.243743778774021848e+03 1.379360483226246556e-15
9.246743778774021848e+03 1.383877913811926269e-15
9.249743778774021848e+03 1.395258877436492872e-15
9.252743778774021848e+03 1.415491607339041766e-15
9.255743778774021848e+03 1.438697204839890028e-15
9.258743778774021848e+03 1.460955949076712186e-15
9.261743778774021848e+03 1.480987201696160935e-15
9.264743778774021848e+03 1.488809506552085525e-15
9.267743778774021848e+03 1.493219588221108709e-15
9.270743778774021848e+03 1.495380610486538584e-15
9.273743778774021848e+03 1.496875238845046348e-15
9.276743778774021848e+03 1.506249733039525067e-15
9.279743778774021848e+03 1.517572852342956731e-15
9.282743778774021848e+03 1.528853571879376040e-15
9.285743778774021848e+03 1.526301965694600126e-15
9.288743778774021848e+03 1.506562173809442221e-15
9.291743778774021848e+03 1.468859562876915422e-15
9.294743778774021848e+03 1.403672977767820491e-15
9.297743778774021848e+03 1.331976975988078018e-15
9.300743778774021848e+03 1.260732816378634384e-15
9.303743778774021848e+03 1.194954726008907895e-15
9.306743778774021848e+03 1.154195389500151443e-15
9.309743778774021848e+03 1.125313484594321477e-15
9.312743778774021848e+03 1.107289948282779677e-15
9.315743778774021848e+03 1.103064835710927698e-15
9.318743778774021848e+03 1.105669858498789122e-15
9.321743778774021848e+03 1.113502392094878917e-15
9.324743778774021848e+03 1.126882238777640969e-15
9.327743778774021848e+03 1.144984444208657051e-15
9.330743778774021848e+03 1.163540108003454728e-15
9.333743778774021848e+03 1.181773485246834415e-15
9.336743778774021848e+03 1.200904896881269527e-15
9.339743778774021848e+03 1.226374328693349193e-15
9.342743778774021848e+03 1.259631481349985407e-15
9.345743778774021848e+03 1.307451725038120974e-15
9.348743778774021848e+03 1.375407916853210557e-15
9.351743778774021848e+03 1.447146032079057689e-15
9.354743778774021848e+03 1.517254506642710667e-15
9.357743778774021848e+03 1.565890343651122820e-15
9.360743778774021848e+03 1.585255433687740219e-15
9.363743778774021848e+03 1.578499397481984016e-15
9.366743778774021848e+03 1.548290184490611339e-15
9.369743778774021848e+03 1.512547636500338033e-15
9.372743778774021848e+03 1.482362211091061377e-15
9.375743778774021848e+03 1.466703746943935168e-15
9.378743778774021848e+03 1.468889870349684009e-15
