3.694208361785279521e+03 3.324548254543392589e-15
3.697208361785279521e+03 3.260150610211147518e-15
3.700208361785279521e+03 3.220799966279893096e-15
3.703208361785279521e+03 3.247589457229340326e-15
3.706208361785279521e+03 3.341937972425404916e-15
3.709208361785279521e+03 3.506371328708986506e-15
3.712208361785279521e+03 3.716996880056185850e-15
3.715208361785279521e+03 3.953837449760741679e-15
3.718208361785279521e+03 4.284562120550259631e-15
3.721208361785279521e+03 4.671699704145545131e-15
3.724208361785279521e+03 5.041431611590672604e-15
3.727208361785279521e+03 5.411888305379856225e-15
3.730208361785279521e+03 5.777399725790058805e-15
3.733208361785279521e+03 6.108418911481944006e-15
3.736208361785279521e+03 6.374839158072268711e-15
3.739208361785279521e+03 6.600136931893187049e-15
3.742208361785279521e+03 6.731876859386167429e-15
3.745208361785279521e+03 6.802402603339110734e-15
3.748208361785279521e+03 6.898893425061993962e-15
3.751208361785279521e+03 7.023914775687186307e-15
3.754208361785279521e+03 7.112845740099042649e-15
3.757208361785279521e+03 7.227720642476016375e-15
3.760208361785279521e+03 7.386499405523649546e-15
3.763208361785279521e+03 7.485462971392100683e-15
3.766208361785279521e+03 7.493754884746226450e-15
3.769208361785279521e+03 7.404083299807685572e-15
3.772208361785279521e+03 7.335954201266828228e-15
3.775208361785279521e+03 7.287987453642311995e-15
3.778208361785279521e+03 7.142029702223135331e-15
3.781208361785279521e+03 6.941054315879158127e-15
3.784208361785279521e+03 6.763971638613609934e-15
3.787208361785279521e+03 6.615657543521580346e-15
3.790208361785279521e+03 6.520427892899349903e-15
3.793208361785279521e+03 6.507504694958315878e-15
3.796208361785279521e+03 6.479629297814829326e-15
3.799208361785279521e+03 6.408497314004653564e-15
3.802208361785279521e+03 6.401157789460266566e-15
3.805208361785279521e+03 6.426075827849976610e-15
3.808208361785279521e+03 6.435645997737989763e-15
3.811208361785279521e+03 6.434492167177319763e-15
3.814208361785279521e+03 6.409473258380244331e-15
3.817208361785279521e+03 6.366866934480769204e-15
3.820208361785279521e+03 6.351574816946530756e-15
3.823208361785279521e+03 6.306042093455995514e-15
3.826208361785279521e+03 6.151769126429392621e-15
3.829208361785279521e+03 5.917520124788880251e-15
3.832208361785279521e+03 5.647486570773048599e-15
3.835208361785279521e+03 5.334632748223496254e-15
3.838208361785279521e+03 4.981535087389235037e-15
3.841208361785279521e+03 4.624830686457570138e-15
3.844208361785279521e+03 4.291598913942114608e-15
3.847208361785279521e+03 4.041435864566413262e-15
3.850208361785279521e+03 3.743643641775372056e-15
3.853208361785279521e+03 3.408773207098716106e-15
3.856208361785279521e+03 3.109979952310151265e-15
3.859208361785279521e+03 2.892908514815353080e-15
3.862208361785279521e+03 2.711967150034318495e-15
3.865208361785279521e+03 2.613169883418545932e-15
3.868208361785279521e+03 2.564380161187553219e-15
3.871208361785279521e+03 2.536753056324744270e-15
3.874208361785279521e+03 2.555405758392513105e-15
3.877208361785279521e+03 2.602897902298730951e-15
3.880208361785279521e+03 2.673139498336259591e-15
3.883208361785279521e+03 2.765118652494684359e-15
3.886208361785279521e+03 2.846139886329715142e-15
3.889208361785279521e+03 2.914392798827308862e-15
3.892208361785279521e+03 2.987004911584456046e-15
3.895208361785279521e+03 3.058310719757413498e-15
3.898208361785279521e+03 3.138270916256534180e-15
3.901208361785279521e+03 3.260325043080861135e-15
3.904208361785279521e+03 3.365626514274956818e-15
3.907208361785279521e+03 3.458602038229771537e-15
3.910208361785279521e+03 3.644623259064868360e-15
3.913208361785279521e+03 3.906933085278435557e-15
3.916208361785279521e+03 4.246233233468920167e-15
3.919208361785279521e+03 4.661708849566093354e-15
3.922208361785279521e+03 5.164674342418478298e-15
3.925208361785279521e+03 5.707635617516700374e-15
3.928208361785279521e+03 6.177301813448561539e-15
3.931208361785279521e+03 6.700000475725974414e-15
3.934208361785279521e+03 7.301867259014183566e-15
3.937208361785279521e+03 7.931404691903269130e-15
3.940208361785279521e+03 8.477032163783499982e-15
3.943208361785279521e+03 8.843646654957813941e-15
3.946208361785279521e+03 9.109644458740728161e-15
3.949208361785279521e+03 9.342751875966045637e-15
3.952208361785279521e+03 9.508977913403543265e-15
3.955208361785279521e+03 9.553397069209009095e-15
3.958208361785279521e+03 9.516952118263335113e-15
3.961208361785279521e+03 9.474403344462679697e-15
3.964208361785279521e+03 9.440730686087681957e-15
3.967208361785279521e+03 9.408569449576884849e-15
3.970208361785279521e+03 9.398131566531239805e-15
3.973208361785279521e+03 9.400260479140187507e-15
3.976208361785279521e+03 9.437901050594328983e-15
3.979208361785279521e+03 9.469196057358209787e-15
3.982208361785279521e+03 9.368734588064541848e-15
3.985208361785279521e+03 9.279492773785207784e-15
3.988208361785279521e+03 9.211607637348643469e-15
3.991208361785279521e+03 9.093663784099477062e-15
3.994208361785279521e+03 8.937424612562908841e-15
3.997208361785279521e+03 8.726390038260994965e-15
4.000208361785279521e+03 8.514073038300419852e-15
4.003208361785279521e+03 8.306013340415218158e-15
4.006208361785279521e+03 8.116286376838375510e-15
4.009208361785279521e+03 7.954190472829959509e-15
4.012208361785279521e+03 7.820505518186289429e-15
4.015208361785279521e+03 7.685679930724568638e-15
4.018208361785279521e+03 7.533667274812350995e-15
4.021208361785279521e+03 7.389004885210126385e-15
4.024208361785279521e+03 7.208207347903995905e-15
4.027208361785279521e+03 7.047192235352445330e-15
4.030208361785279521e+03 6.908025139533300861e-15
4.033208361785279521e+03 6.722894280627570296e-15
4.036208361785279521e+03 6.473765013482646153e-15
4.039208361785279521e+03 6.242949489472186874e-15
4.042208361785279521e+03 6.051340065591827337e-15
4.045208361785279521e+03 5.917618405760929307e-15
4.048208361785279521e+03 5.872908711786808257e-15
4.051208361785279521e+03 5.917727558997616994e-15
4.054208361785279521e+03 6.079472878657292903e-15
4.057208361785279521e+03 6.352197170205982502e-15
4.060208361785279521e+03 6.629941944724628630e-15
4.063208361785279521e+03 6.874569685141526439e-15
4.066208361785279521e+03 7.115489968608337331e-15
4.069208361785279521e+03 7.352895794118444778e-15
4.072208361785279521e+03 7.537349083956998348e-15
4.075208361785279521e+03 7.636174932753421460e-15
4.078208361785279521e+03 7.757896822394986325e-15
4.081208361785279521e+03 7.886615376884490484e-15
4.084208361785279521e+03 7.959914421565962652e-15
4.087208361785279521e+03 8.001290397909709727e-15
4.090208361785279521e+03 8.067630503810016355e-15
4.093208361785279521e+03 8.094776156604334098e-15
4.096208361785279521e+03 8.077431626169964038e-15
4.099208361785279521e+03 8.011809947640412438e-15
4.102208361785279521e+03 7.884419347329877563e-15
4.105208361785279521e+03 7.754376109926692246e-15
4.108208361785279521e+03 7.570098159865204992e-15
4.111208361785279521e+03 7.349386080114646744e-15
4.114208361785279521e+03 7.105800398096309368e-15
4.117208361785279521e+03 6.902273472165047890e-15
4.120208361785279521e+03 6.730411919291000309e-15
4.123208361785279521e+03 6.628539599794266949e-15
4.126208361785279521e+03 6.612579291550540019e-15
4.129208361785279521e+03 6.655037359095505344e-15
4.132208361785279521e+03 6.751911459056849173e-15
4.135208361785279521e+03 6.913380824439282585e-15
4.138208361785279521e+03 7.087766473462680726e-15
4.141208361785279521e+03 7.263945138227797272e-15
4.144208361785279521e+03 7.452290170745093541e-15
4.147208361785279521e+03 7.562714289290012756e-15
4.150208361785279521e+03 7.636423101855834507e-15
4.153208361785279521e+03 7.692451912355568880e-15
4.156208361785279521e+03 7.644958566649426649e-15
4.159208361785279521e+03 7.546222871279308408e-15
4.162208361785279521e+03 7.426107365724146670e-15
4.165208361785279521e+03 7.245638589707842399e-15
4.168208361785279521e+03 7.021249076940109148e-15
4.171208361785279521e+03 6.765277049044055884e-15
4.174208361785279521e+03 6.538172198161020767e-15
4.177208361785279521e+03 6.366625551651147296e-15
4.180208361785279521e+03 6.239551533527293631e-15
4.183208361785279521e+03 6.187372796666168588e-15
4.186208361785279521e+03 6.209881446021208426e-15
4.189208361785279521e+03 6.294696653610983303e-15
4.192208361785279521e+03 6.426907042781301766e-15
4.195208361785279521e+03 6.582372902673665734e-15
4.198208361785279521e+03 6.741904431403307967e-15
4.201208361785279521e+03 6.847658364782974922e-15
4.204208361785279521e+03 6.923302972658632202e-15
4.207208361785279521e+03 6.997034832902622322e-15
4.210208361785279521e+03 7.001724973330825150e-15
4.213208361785279521e+03 6.926273268508390086e-15
4.216208361785279521e+03 6.806902089710074535e-15
4.219208361785279521e+03 6.634798519505507988e-15
4.222208361785279521e+03 6.413871165264084617e-15
4.225208361785279521e+03 6.119700523062172978e-15
4.228208361785279521e+03 5.811033924668458490e-15
4.231208361785279521e+03 5.539894212696190306e-15
4.234208361785279521e+03 5.251491722223560804e-15
4.237208361785279521e+03 4.958521516397653740e-15
4.240208361785279521e+03 4.722423795500243556e-15
4.243208361785279521e+03 4.582234218623352071e-15
4.246208361785279521e+03 4.544509494678779246e-15
4.249208361785279521e+03 4.519258358977720177e-15
4.252208361785279521e+03 4.493471874033282991e-15
4.255208361785279521e+03 4.503072837774138537e-15
4.258208361785279521e+03 4.530120242160617735e-15
4.261208361785279521e+03 4.586077777499606921e-15
4.264208361785279521e+03 4.637959446575588961e-15
4.267208361785279521e+03 4.637673672575948383e-15
4.270208361785279521e+03 4.625525706485140335e-15
4.273208361785279521e+03 4.630032639981706648e-15
4.276208361785279521e+03 4.649128406611750277e-15
4.279208361785279521e+03 4.694026694436296640e-15
4.282208361785279521e+03 4.791494789485007156e-15
4.285208361785279521e+03 4.980954316412911237e-15
4.288208361785279521e+03 5.232885481608991214e-15
4.291208361785279521e+03 5.482123658132472149e-15
4.294208361785279521e+03 5.731905145477194362e-15
4.297208361785279521e+03 6.046709404058531690e-15
4.300208361785279521e+03 6.366969879706024101e-15
4.303208361785279521e+03 6.550657862055846679e-15
4.306208361785279521e+03 6.687948963498162988e-15
4.309208361785279521e+03 6.895947992677164289e-15
4.312208361785279521e+03 7.048705791133152223e-15
4.315208361785279521e+03 7.129551795241935484e-15
4.318208361785279521e+03 7.188186446090735499e-15
4.321208361785279521e+03 7.129711544182124161e-15
4.324208361785279521e+03 7.027334424120772451e-15
4.327208361785279521e+03 6.932402132637904333e-15
4.330208361785279521e+03 6.839400972069563655e-15
4.333208361785279521e+03 6.826834385385829245e-15
4.336208361785279521e+03 6.783689031845331602e-15
4.339208361785279521e+03 6.696238132291015031e-15
4.342208361785279521e+03 6.694858196012821294e-15
4.345208361785279521e+03 6.814350167794930196e-15
4.348208361785279521e+03 6.934650079041325711e-15
4.351208361785279521e+03 6.971426275023052530e-15
4.354208361785279521e+03 6.967447181660267979e-15
4.357208361785279521e+03 6.973217858019396403e-15
4.360208361785279521e+03 6.977041833097043395e-15
4.363208361785279521e+03 6.987873494728141820e-15
4.366208361785279521e+03 7.046854354585806726e-15
4.369208361785279521e+03 7.099857366103342516e-15
4.372208361785279521e+03 7.093691565222950251e-15
4.375208361785279521e+03 7.109416061433909492e-15
4.378208361785279521e+03 7.130201844355441713e-15
4.381208361785279521e+03 7.057989914847421826e-15
4.384208361785279521e+03 6.970957164494127655e-15
4.387208361785279521e+03 6.936810349435962027e-15
4.390208361785279521e+03 6.937572283106790649e-15
4.393208361785279521e+03 6.932482150050024627e-15
4.396208361785279521e+03 6.877584046564861098e-15
4.399208361785279521e+03 6.859125409567272648e-15
4.402208361785279521e+03 6.802582382887517818e-15
4.405208361785279521e+03 6.686536959696322213e-15
4.408208361785279521e+03 6.659329969476797555e-15
4.411208361785279521e+03 6.590602791426336776e-15
4.414208361785279521e+03 6.468336617387225159e-15
4.417208361785279521e+03 6.365675451457806040e-15
4.420208361785279521e+03 6.211911978347267809e-15
4.423208361785279521e+03 6.003140235831373327e-15
4.426208361785279521e+03 5.863134297476733233e-15
4.429208361785279521e+03 5.744899691535192727e-15
4.432208361785279521e+03 5.637168870434986046e-15
4.435208361785279521e+03 5.574027436340609198e-15
4.438208361785279521e+03 5.487545428490688831e-15
4.441208361785279521e+03 5.409470597103103776e-15
4.444208361785279521e+03 5.375179653092073608e-15
4.447208361785279521e+03 5.325416678273773813e-15
4.450208361785279521e+03 5.247044595502814539e-15
4.453208361785279521e+03 5.153689643988559227e-15
4.456208361785279521e+03 5.044903879050914035e-15
4.459208361785279521e+03 4.950279593107911321e-15
4.462208361785279521e+03 4.865559795148534778e-15
4.465208361785279521e+03 4.797833734511065808e-15
4.468208361785279521e+03 4.756302071288175957e-15
4.471208361785279521e+03 4.728752141905738639e-15
4.474208361785279521e+03 4.732554094476617620e-15
4.477208361785279521e+03 4.713722427422980711e-15
4.480208361785279521e+03 4.680482678252499734e-15
4.483208361785279521e+03 4.641556631137474560e-15
4.486208361785279521e+03 4.571283567127062999e-15
4.489208361785279521e+03 4.527195021640494620e-15
4.492208361785279521e+03 4.502572773604511772e-15
4.495208361785279521e+03 4.486150027479637263e-15
4.498208361785279521e+03 4.536283605250994010e-15
4.501208361785279521e+03 4.606233600581743157e-15
4.504208361785279521e+03 4.674673876099318676e-15
4.507208361785279521e+03 4.751405814666469211e-15
4.510208361785279521e+03 4.834707657963523675e-15
4.513208361785279521e+03 4.927677136929495554e-15
4.516208361785279521e+03 5.036704886765515559e-15
4.519208361785279521e+03 5.145205875178260273e-15
4.522208361785279521e+03 5.222217273188176203e-15
4.525208361785279521e+03 5.381345624281622009e-15
4.528208361785279521e+03 5.606808587820650605e-15
4.531208361785279521e+03 5.826353102665264323e-15
4.534208361785279521e+03 6.100400080460228821e-15
4.537208361785279521e+03 6.436686997600139801e-15
4.540208361785279521e+03 6.676118598272314507e-15
4.543208361785279521e+03 6.885278540116310440e-15
4.546208361785279521e+03 7.093490682261742208e-15
4.549208361785279521e+03 7.224253067505632109e-15
4.552208361785279521e+03 7.296077545564213505e-15
4.555208361785279521e+03 7.345262946246718957e-15
4.558208361785279521e+03 7.337754145662590909e-15
4.561208361785279521e+03 7.352254584194177273e-15
4.564208361785279521e+03 7.307583215813858059e-15
4.567208361785279521e+03 7.194019435582390960e-15
4.570208361785279521e+03 7.143576421520939468e-15
4.573208361785279521e+03 7.128783887285923992e-15
4.576208361785279521e+03 7.150151835600952759e-15
4.579208361785279521e+03 7.220112979021354888e-15
4.582208361785279521e+03 7.330655770831527884e-15
4.585208361785279521e+03 7.416017720102080742e-15
4.588208361785279521e+03 7.450289781918788049e-15
4.591208361785279521e+03 7.497495609048692964e-15
4.594208361785279521e+03 7.529473058058378918e-15
4.597208361785279521e+03 7.533550740124127440e-15
4.600208361785279521e+03 7.556295813050895199e-15
4.603208361785279521e+03 7.553653703299115810e-15
4.606208361785279521e+03 7.492636727214835069e-15
4.609208361785279521e+03 7.446367109305141410e-15
4.612208361785279521e+03 7.462924588894795764e-15
4.615208361785279521e+03 7.463953698068813532e-15
4.618208361785279521e+03 7.434782823340093844e-15
4.621208361785279521e+03 7.454018101924385087e-15
4.624208361785279521e+03 7.473108663672733545e-15
4.627208361785279521e+03 7.462802515511144040e-15
4.630208361785279521e+03 7.429759837357781678e-15
4.633208361785279521e+03 7.367353821762284692e-15
4.636208361785279521e+03 7.305618309898987233e-15
4.639208361785279521e+03 7.267196321301727884e-15
4.642208361785279521e+03 7.201947841600548096e-15
4.645208361785279521e+03 7.114355770005909231e-15
4.648208361785279521e+03 7.036153902629363964e-15
4.651208361785279521e+03 6.948138104260822027e-15
4.654208361785279521e+03 6.861363500549897673e-15
4.657208361785279521e+03 6.811847300969685312e-15
4.660208361785279521e+03 6.727599211897380129e-15
4.663208361785279521e+03 6.652845820073236253e-15
4.666208361785279521e+03 6.553613908576313236e-15
4.669208361785279521e+03 6.497228262722932078e-15
4.672208361785279521e+03 6.487828630456026885e-15
4.675208361785279521e+03 6.437913925097172484e-15
4.678208361785279521e+03 6.383169165603178133e-15
4.681208361785279521e+03 6.362636418921627378e-15
4.684208361785279521e+03 6.353402196072692917e-15
4.687208361785279521e+03 6.340531918298730104e-15
4.690208361785279521e+03 6.325640180984217518e-15
4.693208361785279521e+03 6.286373600680846690e-15
4.696208361785279521e+03 6.250412599319497875e-15
4.699208361785279521e+03 6.242629136781421070e-15
4.702208361785279521e+03 6.250453618061882913e-15
4.705208361785279521e+03 6.265800503791275057e-15
4.708208361785279521e+03 6.221023094634142580e-15
4.711208361785279521e+03 6.168458430473717619e-15
4.714208361785279521e+03 6.159693362633235744e-15
4.717208361785279521e+03 6.095459221006696159e-15
4.720208361785279521e+03 6.027065966128650388e-15
4.723208361785279521e+03 5.945260836335506549e-15
4.726208361785279521e+03 5.855149416677182777e-15
4.729208361785279521e+03 5.739962820708208335e-15
4.732208361785279521e+03 5.575134314409339160e-15
4.735208361785279521e+03 5.423227962402737732e-15
4.738208361785279521e+03 5.245019247098543870e-15
4.741208361785279521e+03 5.037304641175054843e-15
4.744208361785279521e+03 4.834129385636925146e-15
4.747208361785279521e+03 4.642205716757239864e-15
4.750208361785279521e+03 4.477550017258378957e-15
4.753208361785279521e+03 4.332285414388945260e-15
4.756208361785279521e+03 4.199342107673002848e-15
4.759208361785279521e+03 4.087214351591366355e-15
4.762208361785279521e+03 3.972335486106144903e-15
4.765208361785279521e+03 3.833411891886238762e-15
4.768208361785279521e+03 3.685977150864771129e-15
4.771208361785279521e+03 3.528027698113151092e-15
4.774208361785279521e+03 3.404945071091020999e-15
4.777208361785279521e+03 3.314394634646075737e-15
4.780208361785279521e+03 3.246565196775342013e-15
4.783208361785279521e+03 3.267365434010561461e-15
4.786208361785279521e+03 3.325227529574123036e-15
4.789208361785279521e+03 3.446169964560214535e-15
4.792208361785279521e+03 3.654881090315542529e-15
4.795208361785279521e+03 3.940306045525444716e-15
4.798208361785279521e+03 4.336131187516412152e-15
4.801208361785279521e+03 4.767864684201493769e-15
4.804208361785279521e+03 5.211741385486131102e-15
4.807208361785279521e+03 5.642419012873836123e-15
4.810208361785279521e+03 6.106922615305144577e-15
4.813208361785279521e+03 6.541279750780385098e-15
4.816208361785279521e+03 6.878357523671012012e-15
4.819208361785279521e+03 7.144306251634257310e-15
4.822208361785279521e+03 7.394775262398084194e-15
4.825208361785279521e+03 7.629116031207183915e-15
4.828208361785279521e+03 7.755663073670055186e-15
4.831208361785279521e+03 7.804956554085608003e-15
4.834208361785279521e+03 7.808132673717662070e-15
4.837208361785279521e+03 7.729939145168607671e-15
4.840208361785279521e+03 7.597683135214463138e-15
4.843208361785279521e+03 7.414312319421690754e-15
4.846208361785279521e+03 7.177221801963350914e-15
4.849208361785279521e+03 6.950399366290319677e-15
4.852208361785279521e+03 6.757785558898596069e-15
4.855208361785279521e+03 6.601136690360873512e-15
4.858208361785279521e+03 6.505963777587594548e-15
4.861208361785279521e+03 6.471355667990862284e-15
4.864208361785279521e+03 6.513855463377968398e-15
4.867208361785279521e+03 6.597767876092855071e-15
4.870208361785279521e+03 6.684467740253764664e-15
4.873208361785279521e+03 6.799950346674838005e-15
4.876208361785279521e+03 6.961582662230151712e-15
4.879208361785279521e+03 7.161972700847898669e-15
4.882208361785279521e+03 7.294832022022184073e-15
4.885208361785279521e+03 7.368178861415079951e-15
4.888208361785279521e+03 7.471738463610196376e-15
4.891208361785279521e+03 7.550484647360635027e-15
4.894208361785279521e+03 7.575011690739630948e-15
4.897208361785279521e+03 7.572266046788976594e-15
4.900208361785279521e+03 7.561380286259905295e-15
4.903208361785279521e+03 7.572944133423367206e-15
4.906208361785279521e+03 7.576542589036730010e-15
4.909208361785279521e+03 7.512323114099146083e-15
4.912208361785279521e+03 7.399062246753189287e-15
4.915208361785279521e+03 7.257447175420825876e-15
4.918208361785279521e+03 7.073868888287880065e-15
4.921208361785279521e+03 6.863446665469848455e-15
4.924208361785279521e+03 6.659396950688871066e-15
4.927208361785279521e+03 6.414545204759942674e-15
4.930208361785279521e+03 6.120497448724367369e-15
4.933208361785279521e+03 5.823422338116285990e-15
4.936208361785279521e+03 5.545479191557074641e-15
4.939208361785279521e+03 5.303645579715458774e-15
4.942208361785279521e+03 5.032095537296164927e-15
4.945208361785279521e+03 4.827774807479520654e-15
4.948208361785279521e+03 4.709643343961166364e-15
4.951208361785279521e+03 4.645124534443302443e-15
4.954208361785279521e+03 4.666362012362080680e-15
4.957208361785279521e+03 4.751684307036571382e-15
4.960208361785279521e+03 4.914889103328671009e-15
4.963208361785279521e+03 5.106715776359937285e-15
4.966208361785279521e+03 5.300188972948803119e-15
4.969208361785279521e+03 5.541233997854454123e-15
4.972208361785279521e+03 5.770298111176150049e-15
4.975208361785279521e+03 5.958620054882129753e-15
4.978208361785279521e+03 6.106785322193774090e-15
4.981208361785279521e+03 6.254114695966030502e-15
4.984208361785279521e+03 6.401999866695546393e-15
4.987208361785279521e+03 6.534317489556177097e-15
4.990208361785279521e+03 6.671336143627067226e-15
4.993208361785279521e+03 6.765101822078892133e-15
4.996208361785279521e+03 6.810035857117611582e-15
4.999208361785279521e+03 6.851831260809703125e-15
5.002208361785279521e+03 6.883963496130060705e-15
5.005208361785279521e+03 6.922769151951942073e-15
5.008208361785279521e+03 6.951932616617049351e-15
5.011208361785279521e+03 6.968137278090903913e-15
5.014208361785279521e+03 6.973091578562179896e-15
5.017208361785279521e+03 6.956095220965845440e-15
5.020208361785279521e+03 6.948701472386961377e-15
5.023208361785279521e+03 6.919619938300982371e-15
5.026208361785279521e+03 6.845822995859863842e-15
5.029208361785279521e+03 6.762898564223886068e-15
5.032208361785279521e+03 6.667216592085089651e-15
5.035208361785279521e+03 6.594810016837961862e-15
5.038208361785279521e+03 6.526000889026173082e-15
5.041208361785279521e+03 6.439388516901497315e-15
5.044208361785279521e+03 6.299441336002941405e-15
5.047208361785279521e+03 6.182761152411102967e-15
5.050208361785279521e+03 6.063442815632594719e-15
5.053208361785279521e+03 5.936287265477663727e-15
5.056208361785279521e+03 5.837956821742785913e-15
5.059208361785279521e+03 5.705017523141735006e-15
5.062208361785279521e+03 5.517475203694611856e-15
5.065208361785279521e+03 5.358766046010915810e-15
5.068208361785279521e+03 5.207768462549488101e-15
5.071208361785279521e+03 5.007546593159386063e-15
5.074208361785279521e+03 4.802717458182319062e-15
5.077208361785279521e+03 4.598909342711362794e-15
5.080208361785279521e+03 4.395558130517231167e-15
5.083208361785279521e+03 4.190116119978309722e-15
5.086208361785279521e+03 3.952008026185260807e-15
5.089208361785279521e+03 3.750996019509027506e-15
5.092208361785279521e+03 3.644629691085773435e-15
5.095208361785279521e+03 3.580057146086035616e-15
5.098208361785279521e+03 3.549409835011779522e-15
5.101208361785279521e+03 3.621085956362226089e-15
5.104208361785279521e+03 3.713027897211335572e-15
5.107208361785279521e+03 3.851608295317517101e-15
5.110208361785279521e+03 4.043312398058858041e-15
5.113208361785279521e+03 4.259165304261303747e-15
5.116208361785279521e+03 4.451043719593111032e-15
5.119208361785279521e+03 4.639261595135598171e-15
5.122208361785279521e+03 4.826565680875894985e-15
5.125208361785279521e+03 4.998268592867120601e-15
5.128208361785279521e+03 5.177188289624620866e-15
5.131208361785279521e+03 5.354955019342989954e-15
5.134208361785279521e+03 5.542785466794673067e-15
5.137208361785279521e+03 5.703998438146120745e-15
5.140208361785279521e+03 5.828678916836179543e-15
5.143208361785279521e+03 5.954653661106433396e-15
5.146208361785279521e+03 6.055068422912011684e-15
5.149208361785279521e+03 6.136583708337101069e-15
5.152208361785279521e+03 6.187696786578297416e-15
5.155208361785279521e+03 6.233064192686514320e-15
5.158208361785279521e+03 6.282222668222139508e-15
5.161208361785279521e+03 6.245044310257906457e-15
5.164208361785279521e+03 6.170666539893930921e-15
5.167208361785279521e+03 6.127394406346062899e-15
5.170208361785279521e+03 6.120404181187669392e-15
5.173208361785279521e+03 6.159715799263555549e-15
5.176208361785279521e+03 6.181128969638256500e-15
5.179208361785279521e+03 6.184240545844894075e-15
5.182208361785279521e+03 6.199716995816615636e-15
5.185208361785279521e+03 6.166088116654812769e-15
5.188208361785279521e+03 6.133481656161774508e-15
5.191208361785279521e+03 6.056975012442386110e-15
5.194208361785279521e+03 5.969191357850003013e-15
5.197208361785279521e+03 5.899912755973379765e-15
5.200208361785279521e+03 5.818833021725050437e-15
5.203208361785279521e+03 5.746523427132490923e-15
5.206208361785279521e+03 5.675502389701559315e-15
5.209208361785279521e+03 5.641960284361820821e-15
5.212208361785279521e+03 5.672203754858509381e-15
5.215208361785279521e+03 5.679362657580837701e-15
5.218208361785279521e+03 5.659480179571078360e-15
5.221208361785279521e+03 5.662887522236771371e-15
5.224208361785279521e+03 5.693966637468628502e-15
5.227208361785279521e+03 5.693447702392670219e-15
5.230208361785279521e+03 5.637363895861717584e-15
5.233208361785279521e+03 5.568213377424087515e-15
5.236208361785279521e+03 5.489977318567418153e-15
5.239208361785279521e+03 5.420331452603345115e-15
5.242208361785279521e+03 5.366673718135030480e-15
5.245208361785279521e+03 5.333909308397601887e-15
5.248208361785279521e+03 5.326559455685255482e-15
5.251208361785279521e+03 5.371983087806167184e-15
5.254208361785279521e+03 5.445441978807132688e-15
5.257208361785279521e+03 5.531306200627688179e-15
5.260208361785279521e+03 5.648357561353886264e-15
5.263208361785279521e+03 5.745729117768683013e-15
5.266208361785279521e+03 5.803564293226773209e-15
5.269208361785279521e+03 5.867480791391970603e-15
5.272208361785279521e+03 5.936843890549050876e-15
5.275208361785279521e+03 5.992477907200594039e-15
5.278208361785279521e+03 6.037779505266963308e-15
5.281208361785279521e+03 6.080099275720720348e-15
5.284208361785279521e+03 6.114439268421595971e-15
5.287208361785279521e+03 6.132100846879414007e-15
5.290208361785279521e+03 6.133276464159082939e-15
5.293208361785279521e+03 6.126928725050881311e-15
5.296208361785279521e+03 6.139332815968006283e-15
5.299208361785279521e+03 6.168170046550784768e-15
5.302208361785279521e+03 6.198322165135283841e-15
5.305208361785279521e+03 6.222423316893027188e-15
5.308208361785279521e+03 6.234409867439154265e-15
5.311208361785279521e+03 6.241773701513576157e-15
5.314208361785279521e+03 6.239568857355780003e-15
5.317208361785279521e+03 6.220142374081815312e-15
5.320208361785279521e+03 6.188304423455770056e-15
5.323208361785279521e+03 6.174047673972608694e-15
5.326208361785279521e+03 6.165905685609428999e-15
5.329208361785279521e+03 6.125502605799668463e-15
5.332208361785279521e+03 6.077068524021240780e-15
5.335208361785279521e+03 6.026690079101149899e-15
5.338208361785279521e+03 5.953152275324184455e-15
5.341208361785279521e+03 5.889687822209209756e-15
5.344208361785279521e+03 5.834485795267648514e-15
5.347208361785279521e+03 5.807898991934179410e-15
5.350208361785279521e+03 5.795850561351769561e-15
5.353208361785279521e+03 5.744365134016415078e-15
5.356208361785279521e+03 5.676931714460581072e-15
5.359208361785279521e+03 5.635216984483117667e-15
5.362208361785279521e+03 5.628112598733440611e-15
5.365208361785279521e+03 5.642600393878465162e-15
5.368208361785279521e+03 5.643750204725522371e-15
5.371208361785279521e+03 5.612655331430929811e-15
5.374208361785279521e+03 5.587095692380626408e-15
5.377208361785279521e+03 5.575399160067248804e-15
5.380208361785279521e+03 5.561565265585311353e-15
5.383208361785279521e+03 5.542264877990496122e-15
5.386208361785279521e+03 5.523475060813404413e-15
5.389208361785279521e+03 5.495210747038359261e-15
5.392208361785279521e+03 5.451987028398656746e-15
5.395208361785279521e+03 5.416571905446917341e-15
5.398208361785279521e+03 5.391181607829266083e-15
5.401208361785279521e+03 5.356194385995263175e-15
5.404208361785279521e+03 5.329986156941013911e-15
5.407208361785279521e+03 5.299001392107673111e-15
5.410208361785279521e+03 5.245146729633793650e-15
5.413208361785279521e+03 5.237730166526099525e-15
5.416208361785279521e+03 5.211838470024761733e-15
5.419208361785279521e+03 5.187359989332233136e-15
5.422208361785279521e+03 5.167662770919974651e-15
5.425208361785279521e+03 5.138262809875007636e-15
5.428208361785279521e+03 5.091533030902858772e-15
5.431208361785279521e+03 5.051928404063216949e-15
5.434208361785279521e+03 5.026596308924383369e-15
5.437208361785279521e+03 5.009806596945771839e-15
5.440208361785279521e+03 4.981529555023392480e-15
5.443208361785279521e+03 4.955675139666451646e-15
5.446208361785279521e+03 4.910246112480059938e-15
5.449208361785279521e+03 4.886146751032972060e-15
5.452208361785279521e+03 4.861559155751033655e-15
5.455208361785279521e+03 4.844796721336115759e-15
5.458208361785279521e+03 4.845323575280421672e-15
5.461208361785279521e+03 4.854135526311578722e-15
5.464208361785279521e+03 4.846788746444455834e-15
5.467208361785279521e+03 4.847787238145759107e-15
5.470208361785279521e+03 4.891711118042250522e-15
5.473208361785279521e+03 4.927216285618417548e-15
5.476208361785279521e+03 4.957888265917512387e-15
5.479208361785279521e+03 4.982331828579025947e-15
5.482208361785279521e+03 4.991421866466985283e-15
5.485208361785279521e+03 5.016689295397101539e-15
5.488208361785279521e+03 5.046916321238213675e-15
5.491208361785279521e+03 5.056928842995747532e-15
5.494208361785279521e+03 5.069752958310577313e-15
5.497208361785279521e+03 5.066033468213295693e-15
5.500208361785279521e+03 5.052696634589523384e-15
5.503208361785279521e+03 5.076874812775021682e-15
5.506208361785279521e+03 5.072776913242230281e-15
5.509208361785279521e+03 5.022578985765571999e-15
5.512208361785279521e+03 5.012263728254351829e-15
5.515208361785279521e+03 5.006510990549817113e-15
5.518208361785279521e+03 4.992574393492342239e-15
5.521208361785279521e+03 4.976544315461364724e-15
5.524208361785279521e+03 4.981468952042940162e-15
5.527208361785279521e+03 4.973213663569068971e-15
5.530208361785279521e+03 4.958012870446423242e-15
5.533208361785279521e+03 4.926335130239086765e-15
5.536208361785279521e+03 4.884914879964449826e-15
5.539208361785279521e+03 4.864982015465648868e-15
5.542208361785279521e+03 4.846394730057918350e-15
5.545208361785279521e+03 4.804664340623039450e-15
5.548208361785279521e+03 4.748262004373989177e-15
5.551208361785279521e+03 4.710761213554104568e-15
5.554208361785279521e+03 4.692496803356548140e-15
5.557208361785279521e+03 4.679192129476571684e-15
5.560208361785279521e+03 4.701690054836319324e-15
5.563208361785279521e+03 4.770345146405279958e-15
5.566208361785279521e+03 4.824708814647807996e-15
5.569208361785279521e+03 4.835439318951818883e-15
5.572208361785279521e+03 4.768295176199321679e-15
5.575208361785279521e+03 4.683882712004047686e-15
5.578208361785279521e+03 4.588781171094949365e-15
5.581208361785279521e+03 4.572658506578719630e-15
5.584208361785279521e+03 4.561229884846440520e-15
5.587208361785279521e+03 4.523203860673067082e-15
5.590208361785279521e+03 4.531300137381114387e-15
5.593208361785279521e+03 4.531514178756315211e-15
5.596208361785279521e+03 4.523545495557501348e-15
5.599208361785279521e+03 4.510972476127645466e-15
5.602208361785279521e+03 4.489559874838794252e-15
5.605208361785279521e+03 4.482974060467850142e-15
5.608208361785279521e+03 4.482754671884756402e-15
5.611208361785279521e+03 4.473189192589045205e-15
5.614208361785279521e+03 4.463191094155700765e-15
5.617208361785279521e+03 4.461252351964710186e-15
5.620208361785279521e+03 4.468787533042844216e-15
5.623208361785279521e+03 4.472500987717960908e-15
5.626208361785279521e+03 4.467773428496131146e-15
5.629208361785279521e+03 4.447608256289976930e-15
5.632208361785279521e+03 4.441964544366529776e-15
5.635208361785279521e+03 4.428787744370804087e-15
5.638208361785279521e+03 4.413959773627672801e-15
5.641208361785279521e+03 4.423224141260081604e-15
5.644208361785279521e+03 4.427135091294129950e-15
5.647208361785279521e+03 4.398579103088901566e-15
5.650208361785279521e+03 4.371286759051729111e-15
5.653208361785279521e+03 4.392483114049794326e-15
5.656208361785279521e+03 4.398589092973556470e-15
5.659208361785279521e+03 4.389581337373771194e-15
5.662208361785279521e+03 4.381380565517045577e-15
5.665208361785279521e+03 4.348629658296117917e-15
5.668208361785279521e+03 4.338365787866992981e-15
5.671208361785279521e+03 4.341308346295158772e-15
5.674208361785279521e+03 4.325467221966367708e-15
5.677208361785279521e+03 4.307248656238417129e-15
5.680208361785279521e+03 4.313956557842141420e-15
5.683208361785279521e+03 4.309137365304652684e-15
5.686208361785279521e+03 4.300002143975305249e-15
5.689208361785279521e+03 4.287916686350837795e-15
5.692208361785279521e+03 4.278395331240326312e-15
5.695208361785279521e+03 4.278353323084210256e-15
5.698208361785279521e+03 4.263346293049513823e-15
5.701208361785279521e+03 4.227335314098764116e-15
5.704208361785279521e+03 4.206443052368960358e-15
5.707208361785279521e+03 4.208410417659033182e-15
5.710208361785279521e+03 4.194524036246966861e-15
5.713208361785279521e+03 4.157918207746158773e-15
5.716208361785279521e+03 4.120899747244941561e-15
5.719208361785279521e+03 4.103197212779621416e-15
5.722208361785279521e+03 4.086490797707681952e-15
5.725208361785279521e+03 4.050898750433619329e-15
5.728208361785279521e+03 3.999448299418285534e-15
5.731208361785279521e+03 3.978757630933695395e-15
5.734208361785279521e+03 3.944632610518072456e-15
5.737208361785279521e+03 3.903271725741404319e-15
5.740208361785279521e+03 3.894998333277384842e-15
5.743208361785279521e+03 3.877935475122112597e-15
5.746208361785279521e+03 3.877943095017542979e-15
5.749208361785279521e+03 3.874645428916296804e-15
5.752208361785279521e+03 3.882277253929051259e-15
5.755208361785279521e+03 3.892844165976204725e-15
5.758208361785279521e+03 3.897133301801611263e-15
5.761208361785279521e+03 3.919577283867222737e-15
5.764208361785279521e+03 3.935017383676429718e-15
5.767208361785279521e+03 3.948138935073663527e-15
5.770208361785279521e+03 3.963480305142357257e-15
5.773208361785279521e+03 3.975968792969010563e-15
5.776208361785279521e+03 3.997141993954505820e-15
5.779208361785279521e+03 4.016988581173156152e-15
5.782208361785279521e+03 4.018908015290542227e-15
5.785208361785279521e+03 4.021038406500530833e-15
5.788208361785279521e+03 4.032510680322924551e-15
5.791208361785279521e+03 4.029721188138878446e-15
5.794208361785279521e+03 4.005240308930626784e-15
5.797208361785279521e+03 3.975649257420269394e-15
5.800208361785279521e+03 3.952509918903934591e-15
5.803208361785279521e+03 3.937165798935146645e-15
5.806208361785279521e+03 3.906783902293332286e-15
5.809208361785279521e+03 3.894182332486450996e-15
5.812208361785279521e+03 3.888207963352612008e-15
5.815208361785279521e+03 3.880247228381151318e-15
5.818208361785279521e+03 3.883068993141448825e-15
5.821208361785279521e+03 3.902680676706630774e-15
5.824208361785279521e+03 3.913152015488609919e-15
5.827208361785279521e+03 3.925590524593586611e-15
5.830208361785279521e+03 3.974567530142884665e-15
5.833208361785279521e+03 4.009795797643016700e-15
5.836208361785279521e+03 4.036290569873500489e-15
5.839208361785279521e+03 4.066885177186340014e-15
5.842208361785279521e+03 4.101279471818387843e-15
5.845208361785279521e+03 4.123217646181101089e-15
5.848208361785279521e+03 4.130395576283599984e-15
5.851208361785279521e+03 4.131394154089463914e-15
5.854208361785279521e+03 4.132392731895327845e-15
5.857208361785279521e+03 4.133391309701191776e-15
5.860208361785279521e+03 4.134389887507055706e-15
5.863208361785279521e+03 4.135388465312919637e-15
5.866208361785279521e+03 4.136387043118784357e-15
5.869208361785279521e+03 4.137385620924648287e-15
5.872208361785279521e+03 4.138384198730512218e-15
5.875208361785279521e+03 4.139382776536376148e-15
5.878208361785279521e+03 4.140381354342240079e-15
5.881208361785279521e+03 4.141379932148104010e-15
5.884208361785279521e+03 4.142378509953968729e-15
5.887208361785279521e+03 4.143377087759832660e-15
5.890208361785279521e+03 4.144375665565696590e-15
5.893208361785279521e+03 4.145374243371560521e-15
5.896208361785279521e+03 4.146372821177424452e-15
5.899208361785279521e+03 4.147371398983289171e-15
5.902208361785279521e+03 4.148369976789153102e-15
5.905208361785279521e+03 4.149368554595017032e-15
5.908208361785279521e+03 4.150367132400880963e-15
5.911208361785279521e+03 4.151365710206744894e-15
5.914208361785279521e+03 4.152364288012608824e-15
5.917208361785279521e+03 4.153362865818473544e-15
5.920208361785279521e+03 4.161554805725441882e-15
5.923208361785279521e+03 4.178186923034072558e-15
5.926208361785279521e+03 4.170346029520932205e-15
5.929208361785279521e+03 4.146932802251000401e-15
5.932208361785279521e+03 4.135851791255012242e-15
5.935208361785279521e+03 4.128968394727289219e-15
5.938208361785279521e+03 4.128645297546595848e-15
5.941208361785279521e+03 4.135793755763993853e-15
5.944208361785279521e+03 4.137391995049063599e-15
5.947208361785279521e+03 4.133857279497219681e-15
5.950208361785279521e+03 4.129421378989843597e-15
5.953208361785279521e+03 4.128767194240392372e-15
5.956208361785279521e+03 4.144248981274581131e-15
5.959208361785279521e+03 4.141513116000239293e-15
5.962208361785279521e+03 4.124559596513399064e-15
5.965208361785279521e+03 4.125375104801745141e-15
5.968208361785279521e+03 4.126662948083091812e-15
5.971208361785279521e+03 4.096053697974529508e-15
5.974208361785279521e+03 4.088437797028023565e-15
5.977208361785279521e+03 4.083232335975437023e-15
5.980208361785279521e+03 4.078162660408076466e-15
5.983208361785279521e+03 4.075968410535392141e-15
5.986208361785279521e+03 4.056044423278197801e-15
5.989208361785279521e+03 4.033252919769286663e-15
5.992208361785279521e+03 4.035498948258646736e-15
5.995208361785279521e+03 4.032448214062393658e-15
5.998208361785279521e+03 4.011091533861063119e-15
6.001208361785279521e+03 3.996505441251301388e-15
6.004208361785279521e+03 3.993335151895578725e-15
6.007208361785279521e+03 3.983474193792313173e-15
6.010208361785279521e+03 3.970392206040712451e-15
6.013208361785279521e+03 3.965783042792139024e-15
6.016208361785279521e+03 3.959598911909223338e-15
6.019208361785279521e+03 3.957663723960052381e-15
6.022208361785279521e+03 3.953044614151156473e-15
6.025208361785279521e+03 3.960509343063066687e-15
6.028208361785279521e+03 3.955881791888030082e-15
6.031208361785279521e+03 3.937991848649797884e-15
6.034208361785279521e+03 3.924413227695239144e-15
6.037208361785279521e+03 3.912240667399089823e-15
6.040208361785279521e+03 3.906236781971497443e-15
6.043208361785279521e+03 3.908953602204889785e-15
6.046208361785279521e+03 3.906691179713007046e-15
6.049208361785279521e+03 3.906774983038349908e-15
6.052208361785279521e+03 3.878069833728479632e-15
6.055208361785279521e+03 3.860903621989609974e-15
6.058208361785279521e+03 3.854673085284297794e-15
6.061208361785279521e+03 3.871898061541600677e-15
6.064208361785279521e+03 3.876360306861491335e-15
6.067208361785279521e+03 3.840933110559173115e-15
6.070208361785279521e+03 3.826923178368072096e-15
6.073208361785279521e+03 3.850515209256673896e-15
6.076208361785279521e+03 3.882600474028937010e-15
6.079208361785279521e+03 3.912176897983629092e-15
6.082208361785279521e+03 3.926087079958462131e-15
6.085208361785279521e+03 3.937506887107530387e-15
6.088208361785279521e+03 3.956045205719825455e-15
6.091208361785279521e+03 3.961722588764801929e-15
6.094208361785279521e+03 3.977412207899708005e-15
6.097208361785279521e+03 3.986834910686666385e-15
6.100208361785279521e+03 3.994864131729433607e-15
6.103208361785279521e+03 4.015023786022724656e-15
6.106208361785279521e+03 4.019678805109301500e-15
6.109208361785279521e+03 4.023874305859880140e-15
6.112208361785279521e+03 4.020016142011450254e-15
6.115208361785279521e+03 4.007140240307602727e-15
6.118208361785279521e+03 4.007577621866750158e-15
6.121208361785279521e+03 4.009408865209175158e-15
6.124208361785279521e+03 3.992203631049205321e-15
6.127208361785279521e+03 3.979627469264494494e-15
6.130208361785279521e+03 3.978727965132064228e-15
6.133208361785279521e+03 3.954920294787070592e-15
6.136208361785279521e+03 3.946994660482211558e-15
6.139208361785279521e+03 3.921657394374386349e-15
6.142208361785279521e+03 3.905867922447672964e-15
6.145208361785279521e+03 3.895679542744876537e-15
6.148208361785279521e+03 3.861357105570295773e-15
6.151208361785279521e+03 3.828322585623866882e-15
6.154208361785279521e+03 3.808784746688885200e-15
6.157208361785279521e+03 3.797050347820735833e-15
6.160208361785279521e+03 3.788776567505883555e-15
6.163208361785279521e+03 3.794960003548366995e-15
6.166208361785279521e+03 3.801451894044412482e-15
6.169208361785279521e+03 3.801683590611644115e-15
6.172208361785279521e+03 3.818295094625304320e-15
6.175208361785279521e+03 3.848547624764370623e-15
6.178208361785279521e+03 3.878812505756369258e-15
6.181208361785279521e+03 3.896168026501930345e-15
6.184208361785279521e+03 3.919273654119028950e-15
6.187208361785279521e+03 3.944632415935290769e-15
6.190208361785279521e+03 3.960170589995682277e-15
6.193208361785279521e+03 3.973093838117224235e-15
6.196208361785279521e+03 4.002766664541134568e-15
6.199208361785279521e+03 4.026851852492482559e-15
6.202208361785279521e+03 4.021727756951964903e-15
6.205208361785279521e+03 4.020687418472228796e-15
6.208208361785279521e+03 4.016547230359435660e-15
6.211208361785279521e+03 4.024061913491672514e-15
6.214208361785279521e+03 4.009973997686349878e-15
6.217208361785279521e+03 4.027988174394022824e-15
6.220208361785279521e+03 4.018420856601849289e-15
6.223208361785279521e+03 4.006166434604812266e-15
6.226208361785279521e+03 3.995659084357022447e-15
6.229208361785279521e+03 3.969809766050374364e-15
6.232208361785279521e+03 3.952537570554393865e-15
6.235208361785279521e+03 3.937757674893125063e-15
6.238208361785279521e+03 3.912912903279189258e-15
6.241208361785279521e+03 3.880998982511344944e-15
6.244208361785279521e+03 3.853746743088431219e-15
6.247208361785279521e+03 3.808610570983459550e-15
6.250208361785279521e+03 3.738574354092166574e-15
6.253208361785279521e+03 3.672175742180872654e-15
6.256208361785279521e+03 3.616949153569547365e-15
6.259208361785279521e+03 3.545592429604841477e-15
6.262208361785279521e+03 3.460148631776271670e-15
6.265208361785279521e+03 3.392598828681937041e-15
6.268208361785279521e+03 3.350285296321783299e-15
6.271208361785279521e+03 3.337092905933882951e-15
6.274208361785279521e+03 3.322635645541290207e-15
6.277208361785279521e+03 3.276028943750613043e-15
6.280208361785279521e+03 3.260085865118302357e-15
6.283208361785279521e+03 3.267215393206443389e-15
6.286208361785279521e+03 3.271025097143457274e-15
6.289208361785279521e+03 3.283455150907989154e-15
6.292208361785279521e+03 3.279684392005479739e-15
6.295208361785279521e+03 3.256422586384242726e-15
6.298208361785279521e+03 3.266036365731376986e-15
6.301208361785279521e+03 3.295880665680461263e-15
6.304208361785279521e+03 3.328833085361498994e-15
6.307208361785279521e+03 3.362894008137659315e-15
6.310208361785279521e+03 3.404087729297915052e-15
6.313208361785279521e+03 3.437743542147819635e-15
6.316208361785279521e+03 3.464058030308357136e-15
6.319208361785279521e+03 3.488199689619176035e-15
6.322208361785279521e+03 3.508364674856976781e-15
6.325208361785279521e+03 3.512722748605143160e-15
6.328208361785279521e+03 3.519472554686813453e-15
6.331208361785279521e+03 3.529629963429094078e-15
6.334208361785279521e+03 3.545429968660308401e-15
6.337208361785279521e+03 3.564930926029966734e-15
6.340208361785279521e+03 3.577887887388011167e-15
6.343208361785279521e+03 3.585198489546460432e-15
6.346208361785279521e+03 3.592235945181080765e-15
6.349208361785279521e+03 3.590648160535012975e-15
6.352208361785279521e+03 3.574839668764620537e-15
6.355208361785279521e+03 3.555280387813942174e-15
6.358208361785279521e+03 3.536944387458725850e-15
6.361208361785279521e+03 3.509430057569409014e-15
6.364208361785279521e+03 3.515279786292148087e-15
6.367208361785279521e+03 3.496003759710902716e-15
6.370208361785279521e+03 3.459784252346251412e-15
6.373208361785279521e+03 3.456267537590506902e-15
6.376208361785279521e+03 3.427339117971127805e-15
6.379208361785279521e+03 3.390153292382081737e-15
6.382208361785279521e+03 3.358871445057302288e-15
6.385208361785279521e+03 3.334568263144047722e-15
6.388208361785279521e+03 3.299426630700203459e-15
6.391208361785279521e+03 3.225564634187652587e-15
6.394208361785279521e+03 3.141418270265532149e-15
6.397208361785279521e+03 3.056536467188955704e-15
6.400208361785279521e+03 2.947483198769891067e-15
6.403208361785279521e+03 2.834118115168004037e-15
6.406208361785279521e+03 2.721113007969009368e-15
6.409208361785279521e+03 2.616017823612971364e-15
6.412208361785279521e+03 2.516722421671419118e-15
6.415208361785279521e+03 2.425486942522532681e-15
6.418208361785279521e+03 2.342106315948697123e-15
6.421208361785279521e+03 2.265373676391137370e-15
6.424208361785279521e+03 2.195558913392157431e-15
6.427208361785279521e+03 2.134100022983315457e-15
6.430208361785279521e+03 2.080670816824951800e-15
6.433208361785279521e+03 2.039790225007073635e-15
6.436208361785279521e+03 2.009850436562432138e-15
6.439208361785279521e+03 1.983529855623735490e-15
6.442208361785279521e+03 1.987153002054746205e-15
6.445208361785279521e+03 2.017086662298026379e-15
6.448208361785279521e+03 2.076204285925289775e-15
6.451208361785279521e+03 2.151925944769814513e-15
6.454208361785279521e+03 2.267966078620683380e-15
6.457208361785279521e+03 2.400917856050997771e-15
6.460208361785279521e+03 2.565933091101649876e-15
6.463208361785279521e+03 2.772695283648420878e-15
6.466208361785279521e+03 3.009898922908931349e-15
6.469208361785279521e+03 3.286644520319542379e-15
6.472208361785279521e+03 3.589747155191268915e-15
6.475208361785279521e+03 3.918818654964334308e-15
6.478208361785279521e+03 4.240860628881832200e-15
6.481208361785279521e+03 4.559105615773437928e-15
6.484208361785279521e+03 4.880779186283097793e-15
6.487208361785279521e+03 5.182243377249282804e-15
6.490208361785279521e+03 5.459186599933917997e-15
6.493208361785279521e+03 5.728625695471062914e-15
6.496208361785279521e+03 5.948180266827320855e-15
6.499208361785279521e+03 6.142561458025610428e-15
6.502208361785279521e+03 6.332507411331647398e-15
6.505208361785279521e+03 6.520836319653214718e-15
6.508208361785279521e+03 6.696119082289384590e-15
6.511208361785279521e+03 6.833453791287304192e-15
6.514208361785279521e+03 6.987411243060943066e-15
6.517208361785279521e+03 7.134675540298124161e-15
6.520208361785279521e+03 7.239570531552917776e-15
6.523208361785279521e+03 7.321968451294211136e-15
6.526208361785279521e+03 7.399512592132006777e-15
6.529208361785279521e+03 7.429986761025637954e-15
6.532208361785279521e+03 7.450432022959795356e-15
6.535208361785279521e+03 7.476486199695750571e-15
6.538208361785279521e+03 7.484849703731652264e-15
6.541208361785279521e+03 7.494799372947705326e-15
6.544208361785279521e+03 7.483442113624582740e-15
6.547208361785279521e+03 7.447716097175504206e-15
6.550208361785279521e+03 7.392252936220809217e-15
6.553208361785279521e+03 7.321486331748050730e-15
6.556208361785279521e+03 7.288902736250605720e-15
6.559208361785279521e+03 7.265573909442853114e-15
6.562208361785279521e+03 7.223301814665143652e-15
6.565208361785279521e+03 7.173588302394808345e-15
6.568208361785279521e+03 7.060452752997449056e-15
6.571208361785279521e+03 6.906666513242719749e-15
6.574208361785279521e+03 6.768401133675848740e-15
6.577208361785279521e+03 6.656246837084280770e-15
6.580208361785279521e+03 6.572655296799615616e-15
6.583208361785279521e+03 6.493699343399328557e-15
6.586208361785279521e+03 6.399343892597397558e-15
6.589208361785279521e+03 6.280667368041786945e-15
6.592208361785279521e+03 6.185028372484626818e-15
6.595208361785279521e+03 6.055308850290970939e-15
6.598208361785279521e+03 5.901518753074375468e-15
6.601208361785279521e+03 5.754016859621521242e-15
6.604208361785279521e+03 5.625207645039942572e-15
6.607208361785279521e+03 5.504659872333811676e-15
6.610208361785279521e+03 5.377235877467966862e-15
6.613208361785279521e+03 5.281782595630743140e-15
6.616208361785279521e+03 5.206355934571639457e-15
6.619208361785279521e+03 5.126982523547157905e-15
6.622208361785279521e+03 5.027895628004842494e-15
6.625208361785279521e+03 4.934106569929723388e-15
6.628208361785279521e+03 4.839170821155349857e-15
6.631208361785279521e+03 4.761741765948233312e-15
6.634208361785279521e+03 4.702121059784372543e-15
6.637208361785279521e+03 4.632526149448418460e-15
6.640208361785279521e+03 4.562616000657300112e-15
6.643208361785279521e+03 4.486764737636135990e-15
6.646208361785279521e+03 4.419968713597375480e-15
6.649208361785279521e+03 4.351589923863317097e-15
6.652208361785279521e+03 4.280500800082307273e-15
6.655208361785279521e+03 4.216307756711296160e-15
6.658208361785279521e+03 4.169761882507139381e-15
6.661208361785279521e+03 4.121391713235325441e-15
6.664208361785279521e+03 4.052112151886758756e-15
6.667208361785279521e+03 3.976955824835384255e-15
6.670208361785279521e+03 3.913018272417182764e-15
6.673208361785279521e+03 3.836110536695763634e-15
6.676208361785279521e+03 3.764914899740072482e-15
6.679208361785279521e+03 3.718041802538502758e-15
6.682208361785279521e+03 3.663546484666364674e-15
6.685208361785279521e+03 3.632032063750113395e-15
6.688208361785279521e+03 3.601614266230578624e-15
6.691208361785279521e+03 3.554998261519063592e-15
6.694208361785279521e+03 3.507666563356849561e-15
6.697208361785279521e+03 3.463282716235519124e-15
6.700208361785279521e+03 3.421922668790141887e-15
6.703208361785279521e+03 3.387896056897473965e-15
6.706208361785279521e+03 3.370424133778098332e-15
6.709208361785279521e+03 3.364431823221783462e-15
6.712208361785279521e+03 3.346685778983783787e-15
6.715208361785279521e+03 3.319367821562871243e-15
6.718208361785279521e+03 3.298654881349003401e-15
6.721208361785279521e+03 3.298506019006557837e-15
6.724208361785279521e+03 3.283590056326370379e-15
6.727208361785279521e+03 3.255089624147971328e-15
6.730208361785279521e+03 3.243011874013980935e-15
6.733208361785279521e+03 3.252989370734894286e-15
6.736208361785279521e+03 3.243356028660824438e-15
6.739208361785279521e+03 3.221659323614615195e-15
6.742208361785279521e+03 3.219019728868953759e-15
6.745208361785279521e+03 3.202331281638184724e-15
6.748208361785279521e+03 3.182399108116064834e-15
6.751208361785279521e+03 3.172474608649768334e-15
6.754208361785279521e+03 3.159885090718159102e-15
6.757208361785279521e+03 3.140691434699944033e-15
6.760208361785279521e+03 3.140852356971521685e-15
6.763208361785279521e+03 3.139918721173958131e-15
6.766208361785279521e+03 3.141440267227474564e-15
6.769208361785279521e+03 3.131463699145729836e-15
6.772208361785279521e+03 3.125542298935654156e-15
6.775208361785279521e+03 3.120421780404232053e-15
6.778208361785279521e+03 3.108487459318570328e-15
6.781208361785279521e+03 3.084650236328247407e-15
6.784208361785279521e+03 3.070257142825512448e-15
6.787208361785279521e+03 3.082939020388488100e-15
6.790208361785279521e+03 3.089517025575444352e-15
6.793208361785279521e+03 3.077307564700729788e-15
6.796208361785279521e+03 3.068442235428584000e-15
6.799208361785279521e+03 3.058733155474530334e-15
6.802208361785279521e+03 3.035779344291035635e-15
6.805208361785279521e+03 3.023172667014910585e-15
6.808208361785279521e+03 3.031309396055639125e-15
6.811208361785279521e+03 3.033043263086088826e-15
6.814208361785279521e+03 3.044030370652139691e-15
6.817208361785279521e+03 3.065079335530593192e-15
6.820208361785279521e+03 3.065110603779680411e-15
6.823208361785279521e+03 3.047893095139211217e-15
6.826208361785279521e+03 3.034977685901034843e-15
6.829208361785279521e+03 3.021280816341950524e-15
6.832208361785279521e+03 3.015588198585436800e-15
6.835208361785279521e+03 3.017201591076909826e-15
6.838208361785279521e+03 3.014508150069748801e-15
6.841208361785279521e+03 3.011814709062588170e-15
6.844208361785279521e+03 3.009121268055427145e-15
6.847208361785279521e+03 3.006427827048266120e-15
6.850208361785279521e+03 3.003734386041105095e-15
6.853208361785279521e+03 3.001040945033944465e-15
6.856208361785279521e+03 2.998347504026783440e-15
6.859208361785279521e+03 2.995654063019622415e-15
6.862208361785279521e+03 2.992960622012461784e-15
6.865208361785279521e+03 2.990267181005300760e-15
6.868208361785279521e+03 2.987573739998139735e-15
6.871208361785279521e+03 2.984880298990978710e-15
6.874208361785279521e+03 2.982186857983818079e-15
6.877208361785279521e+03 2.979493416976657054e-15
6.880208361785279521e+03 2.976799975969496029e-15
6.883208361785279521e+03 2.974106534962335004e-15
6.886208361785279521e+03 2.971413093955174374e-15
6.889208361785279521e+03 2.968719652948013349e-15
6.892208361785279521e+03 2.966026211940852324e-15
6.895208361785279521e+03 2.963332770933691299e-15
6.898208361785279521e+03 2.960639329926530668e-15
6.901208361785279521e+03 2.957945888919369643e-15
6.904208361785279521e+03 2.955252447912208618e-15
6.907208361785279521e+03 2.952559006905047594e-15
6.910208361785279521e+03 2.949865565897886963e-15
6.913208361785279521e+03 2.947172124890725938e-15
6.916208361785279521e+03 2.944478683883564913e-15
6.919208361785279521e+03 2.941785242876403888e-15
6.922208361785279521e+03 2.939091801869243258e-15
6.925208361785279521e+03 2.936398360862082233e-15
6.928208361785279521e+03 2.933704919854921208e-15
6.931208361785279521e+03 2.931011478847760183e-15
6.934208361785279521e+03 2.928318037840599552e-15
6.937208361785279521e+03 2.929770410473369202e-15
6.940208361785279521e+03 2.934857349618705078e-15
6.943208361785279521e+03 2.929928602002364176e-15
6.946208361785279521e+03 2.924268368641603988e-15
6.949208361785279521e+03 2.913078856935541825e-15
6.952208361785279521e+03 2.894810277076846477e-15
6.955208361785279521e+03 2.877550274455168816e-15
6.958208361785279521e+03 2.872308745321909834e-15
6.961208361785279521e+03 2.876473183971299936e-15
6.964208361785279521e+03 2.884592322335118779e-15
6.967208361785279521e+03 2.881663250993043525e-15
6.970208361785279521e+03 2.864016405462842245e-15
6.973208361785279521e+03 2.859383660380772571e-15
6.976208361785279521e+03 2.856664926997562320e-15
6.979208361785279521e+03 2.857779500321551692e-15
6.982208361785279521e+03 2.853250303622621163e-15
6.985208361785279521e+03 2.846836342874142721e-15
6.988208361785279521e+03 2.836117903546340773e-15
6.991208361785279521e+03 2.835891822605681413e-15
6.994208361785279521e+03 2.846489426753661002e-15
6.997208361785279521e+03 2.852661746714345985e-15
7.000208361785279521e+03 2.853685446240148964e-15
7.003208361785279521e+03 2.850143220965207225e-15
7.006208361785279521e+03 2.834538471642703030e-15
7.009208361785279521e+03 2.817471671367227394e-15
7.012208361785279521e+03 2.817663350218278901e-15
7.015208361785279521e+03 2.825652573935193976e-15
7.018208361785279521e+03 2.835283097516797243e-15
7.021208361785279521e+03 2.834892384001023001e-15
7.024208361785279521e+03 2.834325441177681848e-15
7.027208361785279521e+03 2.831030483885496214e-15
7.030208361785279521e+03 2.823315924781829706e-15
7.033208361785279521e+03 2.813612592975389576e-15
7.036208361785279521e+03 2.811953578746158064e-15
7.039208361785279521e+03 2.812589370172911930e-15
7.042208361785279521e+03 2.809615694162126844e-15
7.045208361785279521e+03 2.819588821606166503e-15
7.048208361785279521e+03 2.826740753983845903e-15
7.051208361785279521e+03 2.824491958719191937e-15
7.054208361785279521e+03 2.817652205616725085e-15
7.057208361785279521e+03 2.803368093361715742e-15
7.060208361785279521e+03 2.796697697934219302e-15
7.063208361785279521e+03 2.792660853538762325e-15
7.066208361785279521e+03 2.794641027857767157e-15
7.069208361785279521e+03 2.801534708343050057e-15
7.072208361785279521e+03 2.805883665206430187e-15
7.075208361785279521e+03 2.799603009932240619e-15
7.078208361785279521e+03 2.802272429158782428e-15
7.081208361785279521e+03 2.796934751934754542e-15
7.084208361785279521e+03 2.788057102366410663e-15
7.087208361785279521e+03 2.776040303182700330e-15
7.090208361785279521e+03 2.772554405031959175e-15
7.093208361785279521e+03 2.770934905361707859e-15
7.096208361785279521e+03 2.774025531386764471e-15
7.099208361785279521e+03 2.786124945891334230e-15
7.102208361785279521e+03 2.781598039509347484e-15
7.105208361785279521e+03 2.774598165161433775e-15
7.108208361785279521e+03 2.791328076335142636e-15
7.111208361785279521e+03 2.793010159049668704e-15
7.114208361785279521e+03 2.771832629303897145e-15
7.117208361785279521e+03 2.762932869476541474e-15
7.120208361785279521e+03 2.766878527576157002e-15
7.123208361785279521e+03 2.764488999353918051e-15
7.126208361785279521e+03 2.768493170298174797e-15
7.129208361785279521e+03 2.785690642475707022e-15
7.132208361785279521e+03 2.789168210037285754e-15
7.135208361785279521e+03 2.793499447713109033e-15
7.138208361785279521e+03 2.804512195984729436e-15
7.141208361785279521e+03 2.807027961891539899e-15
7.144208361785279521e+03 2.807074940575656231e-15
7.147208361785279521e+03 2.804108539350683845e-15
7.150208361785279521e+03 2.801933801368222305e-15
7.153208361785279521e+03 2.794639582752034812e-15
7.156208361785279521e+03 2.799348404713429228e-15
7.159208361785279521e+03 2.815463169490333556e-15
7.162208361785279521e+03 2.826603097104713686e-15
7.165208361785279521e+03 2.848235990254007535e-15
7.168208361785279521e+03 2.854365912090268230e-15
7.171208361785279521e+03 2.844142869145357147e-15
7.174208361785279521e+03 2.848450263085642370e-15
7.177208361785279521e+03 2.844851833221591714e-15
7.180208361785279521e+03 2.832372230709624467e-15
7.183208361785279521e+03 2.821646110991858006e-15
7.186208361785279521e+03 2.806581164627898776e-15
7.189208361785279521e+03 2.807292259235304167e-15
7.192208361785279521e+03 2.820458058443445730e-15
7.195208361785279521e+03 2.837718699436848103e-15
7.198208361785279521e+03 2.843934475840714339e-15
7.201208361785279521e+03 2.835305871002478394e-15
7.204208361785279521e+03 2.803421662425231962e-15
7.207208361785279521e+03 2.768609647465767284e-15
7.210208361785279521e+03 2.745985478620607980e-15
7.213208361785279521e+03 2.748576418899998587e-15
7.216208361785279521e+03 2.758919238443582966e-15
7.219208361785279521e+03 2.779482991664508943e-15
7.222208361785279521e+03 2.820110668791172291e-15
7.225208361785279521e+03 2.853138767928769052e-15
7.228208361785279521e+03 2.877523440711386124e-15
7.231208361785279521e+03 2.881852674641381851e-15
7.234208361785279521e+03 2.868957229763718495e-15
7.237208361785279521e+03 2.835907649445262752e-15
7.240208361785279521e+03 2.808721657060335977e-15
7.243208361785279521e+03 2.812671249610640916e-15
7.246208361785279521e+03 2.809806215140317931e-15
7.249208361785279521e+03 2.808330637180556992e-15
7.252208361785279521e+03 2.842702315871659156e-15
7.255208361785279521e+03 2.889267015361033489e-15
7.258208361785279521e+03 2.908668694537573906e-15
7.261208361785279521e+03 2.896934404558886648e-15
7.264208361785279521e+03 2.879885540276118235e-15
7.267208361785279521e+03 2.879282625248255749e-15
7.270208361785279521e+03 2.872930655341362798e-15
7.273208361785279521e+03 2.858015337197257170e-15
7.276208361785279521e+03 2.849247869577305343e-15
7.279208361785279521e+03 2.854046368512043623e-15
7.282208361785279521e+03 2.868615158606127098e-15
7.285208361785279521e+03 2.869039110114921589e-15
7.288208361785279521e+03 2.852790293561064759e-15
7.291208361785279521e+03 2.835557710869642519e-15
7.294208361785279521e+03 2.805860478943939791e-15
7.297208361785279521e+03 2.792401135482863701e-15
7.300208361785279521e+03 2.782853230846312519e-15
7.303208361785279521e+03 2.790230210134200172e-15
7.306208361785279521e+03 2.818387428350571225e-15
7.309208361785279521e+03 2.817884360029208316e-15
7.312208361785279521e+03 2.797041230046774682e-15
7.315208361785279521e+03 2.774210439883193059e-15
7.318208361785279521e+03 2.750828403108477273e-15
7.321208361785279521e+03 2.733992992530985995e-15
7.324208361785279521e+03 2.713948050414285893e-15
7.327208361785279521e+03 2.700153345034086773e-15
7.330208361785279521e+03 2.707332718960614284e-15
7.333208361785279521e+03 2.701207748455836705e-15
7.336208361785279521e+03 2.679625756027146690e-15
7.339208361785279521e+03 2.672507591992964143e-15
7.342208361785279521e+03 2.676827773716971143e-15
7.345208361785279521e+03 2.680148370793716614e-15
7.348208361785279521e+03 2.681386333330075576e-15
7.351208361785279521e+03 2.675970109219022137e-15
7.354208361785279521e+03 2.668183492984481353e-15
7.357208361785279521e+03 2.652978693140942197e-15
7.360208361785279521e+03 2.635236374760215141e-15
7.363208361785279521e+03 2.627792806395371028e-15
7.366208361785279521e+03 2.617853049462551404e-15
7.369208361785279521e+03 2.612402837703228211e-15
7.372208361785279521e+03 2.633746841057391552e-15
7.375208361785279521e+03 2.680466572219951001e-15
7.378208361785279521e+03 2.679970746279606053e-15
7.381208361785279521e+03 2.663889387558849512e-15
7.384208361785279521e+03 2.683553641842823376e-15
7.387208361785279521e+03 2.691539966598518507e-15
7.390208361785279521e+03 2.689179543449909748e-15
7.393208361785279521e+03 2.692870022876447490e-15
7.396208361785279521e+03 2.701137952437784829e-15
7.399208361785279521e+03 2.707683695967349340e-15
7.402208361785279521e+03 2.711753621887223178e-15
7.405208361785279521e+03 2.734975757472845924e-15
7.408208361785279521e+03 2.758274200640688160e-15
7.411208361785279521e+03 2.753061078556859451e-15
7.414208361785279521e+03 2.736150462484777365e-15
7.417208361785279521e+03 2.717797944651035231e-15
7.420208361785279521e+03 2.707775176698186466e-15
7.423208361785279521e+03 2.707744830665648340e-15
7.426208361785279521e+03 2.717730666710740291e-15
7.429208361785279521e+03 2.729926251453384368e-15
7.432208361785279521e+03 2.730830135661041199e-15
7.435208361785279521e+03 2.735913452412887360e-15
7.438208361785279521e+03 2.743550308794245556e-15
7.441208361785279521e+03 2.752708860447329023e-15
7.444208361785279521e+03 2.748201924168545354e-15
7.447208361785279521e+03 2.731895194460443355e-15
7.450208361785279521e+03 2.695848691318296277e-15
7.453208361785279521e+03 2.678412990136062261e-15
7.456208361785279521e+03 2.672524359493556320e-15
7.459208361785279521e+03 2.694753368871273402e-15
7.462208361785279521e+03 2.716546807960592333e-15
7.465208361785279521e+03 2.747862692563321425e-15
7.468208361785279521e+03 2.761613293390748327e-15
7.471208361785279521e+03 2.752445321571313934e-15
7.474208361785279521e+03 2.737774099562305619e-15
7.477208361785279521e+03 2.709301194856669345e-15
7.480208361785279521e+03 2.669297799720111173e-15
7.483208361785279521e+03 2.624038635215262575e-15
7.486208361785279521e+03 2.599043600488118993e-15
7.489208361785279521e+03 2.595154582520077238e-15
7.492208361785279521e+03 2.611344939856014195e-15
7.495208361785279521e+03 2.637503932437497806e-15
7.498208361785279521e+03 2.653730736337625780e-15
7.501208361785279521e+03 2.664270686182772758e-15
7.504208361785279521e+03 2.676690478976425786e-15
7.507208361785279521e+03 2.682992968221105343e-15
7.510208361785279521e+03 2.677372169637866264e-15
7.513208361785279521e+03 2.663784504547062934e-15
7.516208361785279521e+03 2.642258962821259516e-15
7.519208361785279521e+03 2.603072047402201699e-15
7.522208361785279521e+03 2.564829668543197913e-15
7.525208361785279521e+03 2.544422729106558561e-15
7.528208361785279521e+03 2.544991900484846946e-15
7.531208361785279521e+03 2.558074015630978125e-15
7.534208361785279521e+03 2.591982204313643643e-15
7.537208361785279521e+03 2.597827267201455541e-15
7.540208361785279521e+03 2.593193405891425461e-15
7.543208361785279521e+03 2.584950028862335491e-15
7.546208361785279521e+03 2.566774768038673299e-15
7.549208361785279521e+03 2.551715747286429669e-15
7.552208361785279521e+03 2.552202441525391827e-15
7.555208361785279521e+03 2.552689135764354378e-15
7.558208361785279521e+03 2.553175830003316536e-15
7.561208361785279521e+03 2.553662524242279087e-15
7.564208361785279521e+03 2.554149218481241245e-15
7.567208361785279521e+03 2.554635912720203402e-15
7.570208361785279521e+03 2.555122606959165954e-15
7.573208361785279521e+03 2.555609301198128111e-15
7.576208361785279521e+03 2.556095995437090663e-15
7.579208361785279521e+03 2.556582689676052820e-15
7.582208361785279521e+03 2.557069383915015372e-15
7.585208361785279521e+03 2.557556078153977529e-15
7.588208361785279521e+03 2.558042772392940081e-15
7.591208361785279521e+03 2.558529466631902238e-15
7.594208361785279521e+03 2.559016160870864790e-15
7.597208361785279521e+03 2.559502855109826947e-15
7.600208361785279521e+03 2.559989549348789104e-15
7.603208361785279521e+03 2.560476243587751656e-15
7.606208361785279521e+03 2.560962937826713813e-15
7.609208361785279521e+03 2.561449632065676365e-15
7.612208361785279521e+03 2.561936326304638522e-15
7.615208361785279521e+03 2.562423020543601074e-15
7.618208361785279521e+03 2.562909714782563231e-15
7.621208361785279521e+03 2.563396409021525783e-15
7.624208361785279521e+03 2.563883103260487940e-15
7.627208361785279521e+03 2.564369797499450098e-15
7.630208361785279521e+03 2.564856491738412649e-15
7.633208361785279521e+03 2.565343185977374807e-15
7.636208361785279521e+03 2.565829880216337358e-15
7.639208361785279521e+03 2.566316574455299516e-15
7.642208361785279521e+03 2.566803268694262067e-15
7.645208361785279521e+03 2.567289962933224225e-15
7.648208361785279521e+03 2.567776657172186776e-15
7.651208361785279521e+03 2.568263351411148934e-15
7.654208361785279521e+03 2.568750045650111485e-15
7.657208361785279521e+03 2.569236739889073643e-15
7.660208361785279521e+03 2.569723434128035800e-15
7.663208361785279521e+03 2.570210128366998352e-15
7.666208361785279521e+03 2.570696822605960509e-15
7.669208361785279521e+03 2.571183516844923061e-15
7.672208361785279521e+03 2.571670211083885218e-15
7.675208361785279521e+03 2.572156905322847770e-15
7.678208361785279521e+03 2.572643599561809927e-15
7.681208361785279521e+03 2.573130293800772479e-15
7.684208361785279521e+03 2.573616988039734636e-15
7.687208361785279521e+03 2.574103682278696793e-15
7.690208361785279521e+03 2.574590376517659345e-15
7.693208361785279521e+03 2.575077070756621502e-15
7.696208361785279521e+03 2.575563764995584054e-15
7.699208361785279521e+03 2.576050459234546211e-15
7.702208361785279521e+03 2.576537153473508763e-15
7.705208361785279521e+03 2.577023847712470920e-15
7.708208361785279521e+03 2.577510541951433472e-15
7.711208361785279521e+03 2.577997236190395629e-15
7.714208361785279521e+03 2.578483930429357787e-15
7.717208361785279521e+03 2.578970624668320338e-15
7.720208361785279521e+03 2.579457318907282496e-15
7.723208361785279521e+03 2.579944013146245047e-15
7.726208361785279521e+03 2.580430707385207205e-15
7.729208361785279521e+03 2.580917401624169756e-15
7.732208361785279521e+03 2.581404095863131914e-15
7.735208361785279521e+03 2.581890790102094465e-15
7.738208361785279521e+03 2.582377484341056623e-15
7.741208361785279521e+03 2.582864178580019174e-15
7.744208361785279521e+03 2.583350872818981332e-15
7.747208361785279521e+03 2.583837567057943489e-15
7.750208361785279521e+03 2.584324261296906041e-15
7.753208361785279521e+03 2.584810955535868198e-15
7.756208361785279521e+03 2.585297649774830750e-15
7.759208361785279521e+03 2.585784344013792907e-15
7.762208361785279521e+03 2.586271038252755459e-15
7.765208361785279521e+03 2.586757732491717616e-15
7.768208361785279521e+03 2.556495284660123311e-15
7.771208361785279521e+03 2.532973329556352526e-15
7.774208361785279521e+03 2.538460269505533490e-15
7.777208361785279521e+03 2.556283027125521855e-15
7.780208361785279521e+03 2.563424884955472804e-15
7.783208361785279521e+03 2.566421581409891368e-15
7.786208361785279521e+03 2.567153863756512252e-15
7.789208361785279521e+03 2.553371876348209408e-15
7.792208361785279521e+03 2.542665057441144725e-15
7.795208361785279521e+03 2.548021391245226881e-15
7.798208361785279521e+03 2.550521209637015571e-15
7.801208361785279521e+03 2.545459643160136767e-15
7.804208361785279521e+03 2.530064862854182225e-15
7.807208361785279521e+03 2.513132923465593498e-15
7.810208361785279521e+03 2.493234930141562260e-15
7.813208361785279521e+03 2.473935483882530948e-15
7.816208361785279521e+03 2.454673829027490115e-15
7.819208361785279521e+03 2.441861946971550607e-15
7.822208361785279521e+03 2.447768008866657242e-15
7.825208361785279521e+03 2.455793338329080392e-15
7.828208361785279521e+03 2.460158771604480711e-15
7.831208361785279521e+03 2.490084806920516533e-15
7.834208361785279521e+03 2.516651438668971678e-15
7.837208361785279521e+03 2.533305585056380822e-15
7.840208361785279521e+03 2.540953742708042459e-15
7.843208361785279521e+03 2.523762603102041423e-15
7.846208361785279521e+03 2.474666571700440034e-15
7.849208361785279521e+03 2.447112476517377489e-15
7.852208361785279521e+03 2.437100996992566326e-15
7.855208361785279521e+03 2.415132743288561690e-15
7.858208361785279521e+03 2.408452043168940583e-15
7.861208361785279521e+03 2.412694621815595441e-15
7.864208361785279521e+03 2.418237719652071756e-15
7.867208361785279521e+03 2.422996580366886538e-15
7.870208361785279521e+03 2.436672510992759118e-15
7.873208361785279521e+03 2.431980868542771141e-15
7.876208361785279521e+03 2.407924515114010776e-15
7.879208361785279521e+03 2.374836025855347755e-15
7.882208361785279521e+03 2.348872737448849218e-15
7.885208361785279521e+03 2.324078973439748971e-15
7.888208361785279521e+03 2.302261220453563308e-15
7.891208361785279521e+03 2.291193491881026823e-15
7.894208361785279521e+03 2.309233350253285136e-15
7.897208361785279521e+03 2.361365633261494875e-15
7.900208361785279521e+03 2.412045576480029893e-15
7.903208361785279521e+03 2.431174760769982233e-15
7.906208361785279521e+03 2.411095115773419509e-15
7.909208361785279521e+03 2.382666156874664856e-15
7.912208361785279521e+03 2.370281524641742028e-15
7.915208361785279521e+03 2.364366300826447835e-15
7.918208361785279521e+03 2.361219022896849412e-15
7.921208361785279521e+03 2.340386787673516602e-15
7.924208361785279521e+03 2.304870947650325084e-15
7.927208361785279521e+03 2.286084510837291285e-15
7.930208361785279521e+03 2.263768886820733475e-15
7.933208361785279521e+03 2.234737222666325611e-15
7.936208361785279521e+03 2.220996531509420885e-15
7.939208361785279521e+03 2.229578176119004091e-15
7.942208361785279521e+03 2.238036848753867343e-15
7.945208361785279521e+03 2.260470007196736059e-15
7.948208361785279521e+03 2.297629844614494574e-15
7.951208361785279521e+03 2.321195608335541683e-15
7.954208361785279521e+03 2.313015336795583021e-15
7.957208361785279521e+03 2.301019905351107477e-15
7.960208361785279521e+03 2.294766338325060038e-15
7.963208361785279521e+03 2.281735532784822462e-15
7.966208361785279521e+03 2.255945845147905764e-15
7.969208361785279521e+03 2.238652517663409520e-15
7.972208361785279521e+03 2.231692401488006379e-15
7.975208361785279521e+03 2.248958158479779937e-15
7.978208361785279521e+03 2.264023206348887729e-15
7.981208361785279521e+03 2.259784228032308980e-15
7.984208361785279521e+03 2.256482210976680732e-15
7.987208361785279521e+03 2.230923284058641012e-15
7.990208361785279521e+03 2.222107379903811636e-15
7.993208361785279521e+03 2.223760021645150550e-15
7.996208361785279521e+03 2.246585197483842713e-15
7.999208361785279521e+03 2.287333384659351931e-15
8.002208361785279521e+03 2.293621569241233840e-15
8.005208361785279521e+03 2.311359671181866490e-15
8.008208361785279521e+03 2.323508518446892260e-15
8.011208361785279521e+03 2.317313593940706852e-15
8.014208361785279521e+03 2.296579702398940204e-15
8.017208361785279521e+03 2.258754803764301648e-15
8.020208361785279521e+03 2.213670555762515944e-15
8.023208361785279521e+03 2.178702696350117286e-15
8.026208361785279521e+03 2.164300278318558397e-15
8.029208361785279521e+03 2.161077054785712780e-15
8.032208361785279521e+03 2.175128724399226154e-15
8.035208361785279521e+03 2.205208962095035082e-15
8.038208361785279521e+03 2.237048817334987407e-15
8.041208361785279521e+03 2.265309889015795188e-15
8.044208361785279521e+03 2.277812752906553398e-15
8.047208361785279521e+03 2.290302288419527967e-15
8.050208361785279521e+03 2.310485978511029118e-15
8.053208361785279521e+03 2.300076332982655832e-15
8.056208361785279521e+03 2.262963337794426739e-15
8.059208361785279521e+03 2.226160674432462842e-15
8.062208361785279521e+03 2.194053784609518520e-15
8.065208361785279521e+03 2.164022877626711062e-15
8.068208361785279521e+03 2.137849133483423170e-15
8.071208361785279521e+03 2.134951821180213399e-15
8.074208361785279521e+03 2.134678170809628599e-15
8.077208361785279521e+03 2.127069208849768830e-15
8.080208361785279521e+03 2.128262919655090944e-15
8.083208361785279521e+03 2.142394452857237315e-15
8.086208361785279521e+03 2.132391390532772271e-15
8.089208361785279521e+03 2.133621886202068420e-15
8.092208361785279521e+03 2.130305021895629016e-15
8.095208361785279521e+03 2.123769576838921025e-15
8.098208361785279521e+03 2.109739136825699841e-15
8.101208361785279521e+03 2.089972943513134633e-15
8.104208361785279521e+03 2.073868887805814666e-15
8.107208361785279521e+03 2.051401650860242822e-15
8.110208361785279521e+03 2.043645096652437275e-15
8.113208361785279521e+03 2.043149120004434029e-15
8.116208361785279521e+03 2.039995912766124162e-15
8.119208361785279521e+03 2.063799865701751880e-15
8.122208361785279521e+03 2.086498052600896728e-15
8.125208361785279521e+03 2.114978906821545803e-15
8.128208361785279521e+03 2.144383577198269476e-15
8.131208361785279521e+03 2.165401015581724824e-15
8.134208361785279521e+03 2.183499314833856631e-15
8.137208361785279521e+03 2.198015888835156272e-15
8.140208361785279521e+03 2.208593806033241697e-15
8.143208361785279521e+03 2.209525454030248026e-15
8.146208361785279521e+03 2.197117916616829663e-15
8.149208361785279521e+03 2.180153773255280918e-15
8.152208361785279521e+03 2.161083715597870310e-15
8.155208361785279521e+03 2.145604640544767964e-15
8.158208361785279521e+03 2.132304176859219720e-15
8.161208361785279521e+03 2.118457042377711821e-15
8.164208361785279521e+03 2.113529581878424472e-15
8.167208361785279521e+03 2.117634217459561499e-15
8.170208361785279521e+03 2.159498418389249347e-15
8.173208361785279521e+03 2.191703607856292418e-15
8.176208361785279521e+03 2.193425246070052638e-15
8.179208361785279521e+03 2.236345030163597376e-15
8.182208361785279521e+03 2.255363780229258894e-15
8.185208361785279521e+03 2.259451294921120444e-15
8.188208361785279521e+03 2.260487292130071834e-15
8.191208361785279521e+03 2.254663665825741700e-15
8.194208361785280431e+03 2.240338625066229887e-15
8.197208361785280431e+03 2.216341778240782312e-15
8.200208361785280431e+03 2.200956584386306050e-15
8.203208361785280431e+03 2.205812136565784228e-15
8.206208361785280431e+03 2.205325362657987077e-15
8.209208361785280431e+03 2.189963988925300339e-15
8.212208361785280431e+03 2.191242392010810045e-15
8.215208361785280431e+03 2.216051016837860924e-15
8.218208361785280431e+03 2.252906879086298237e-15
8.221208361785280431e+03 2.259457198883140146e-15
8.224208361785280431e+03 2.246481425375509536e-15
8.227208361785280431e+03 2.236485995198432155e-15
8.230208361785280431e+03 2.251562412453125300e-15
8.233208361785280431e+03 2.258195378501861570e-15
8.236208361785280431e+03 2.223706606341589924e-15
8.239208361785280431e+03 2.187936120793735000e-15
8.242208361785280431e+03 2.154511294497861380e-15
8.245208361785280431e+03 2.111691055625401443e-15
8.248208361785280431e+03 2.080919254436932814e-15
8.251208361785280431e+03 2.047499828883471391e-15
8.254208361785280431e+03 2.026392256644127891e-15
8.257208361785280431e+03 2.036965829663781572e-15
8.260208361785280431e+03 2.061823888597061894e-15
8.263208361785280431e+03 2.085587296126798394e-15
8.266208361785280431e+03 2.095630393457600643e-15
8.269208361785280431e+03 2.129353506596041467e-15
8.272208361785280431e+03 2.187816806580131686e-15
8.275208361785280431e+03 2.224493947079382188e-15
8.278208361785280431e+03 2.260056058714481939e-15
8.281208361785280431e+03 2.275771581368305678e-15
8.284208361785280431e+03 2.247940010623047468e-15
8.287208361785280431e+03 2.196379946793450040e-15
8.290208361785280431e+03 2.135924321670978794e-15
8.293208361785280431e+03 2.072291316462239037e-15
8.296208361785280431e+03 2.009001969089853847e-15
8.299208361785280431e+03 1.958234306447786840e-15
8.302208361785280431e+03 1.913816166286539352e-15
8.305208361785280431e+03 1.875218758185639990e-15
8.308208361785280431e+03 1.834386209206639143e-15
8.311208361785280431e+03 1.782409978073815559e-15
8.314208361785280431e+03 1.733856194538942977e-15
8.317208361785280431e+03 1.697142864055653111e-15
8.320208361785280431e+03 1.686217176788560991e-15
8.323208361785280431e+03 1.702141912988218063e-15
8.326208361785280431e+03 1.721291163747760619e-15
8.329208361785280431e+03 1.750585674728792286e-15
8.332208361785280431e+03 1.732818788351790158e-15
8.335208361785280431e+03 1.663959610106364675e-15
8.338208361785280431e+03 1.560278718630034981e-15
8.341208361785280431e+03 1.452897191934118434e-15
8.344208361785280431e+03 1.373624567100379621e-15
8.347208361785280431e+03 1.315898744375300431e-15
8.350208361785280431e+03 1.262168805464176776e-15
8.353208361785280431e+03 1.212009247765309388e-15
8.356208361785280431e+03 1.167952861337544681e-15
8.359208361785280431e+03 1.125322502726799734e-15
8.362208361785280431e+03 1.092668688689788913e-15
8.365208361785280431e+03 1.083702414713984671e-15
8.368208361785280431e+03 1.067964431779027768e-15
8.371208361785280431e+03 1.027963075246562304e-15
8.374208361785280431e+03 1.011086725573672692e-15
8.377208361785280431e+03 1.016133533430624891e-15
8.380208361785280431e+03 1.043254016248565070e-15
8.383208361785280431e+03 1.058875587405732470e-15
8.386208361785280431e+03 1.032112796671955990e-15
8.389208361785280431e+03 9.748846532126866497e-16
8.392208361785280431e+03 9.289801190323492321e-16
8.395208361785280431e+03 9.091796137509385322e-16
8.398208361785280431e+03 8.938427536834854599e-16
8.401208361785280431e+03 8.843967392423790014e-16
8.404208361785280431e+03 9.023405788855003498e-16
8.407208361785280431e+03 9.640881247570639688e-16
8.410208361785280431e+03 1.046942095596846467e-15
8.413208361785280431e+03 1.104740272674696434e-15
8.416208361785280431e+03 1.135702770326654077e-15
8.419208361785280431e+03 1.157945219403981946e-15
8.422208361785280431e+03 1.173276540017317901e-15
8.425208361785280431e+03 1.198672622017750526e-15
8.428208361785280431e+03 1.246681646357240587e-15
8.431208361785280431e+03 1.313633867626429261e-15
8.434208361785280431e+03 1.368296710931592633e-15
8.437208361785280431e+03 1.415181609315203021e-15
8.440208361785280431e+03 1.466832233498057554e-15
8.443208361785280431e+03 1.516238401936171384e-15
8.446208361785280431e+03 1.586098441557481377e-15
8.449208361785280431e+03 1.678395476540175033e-15
8.452208361785280431e+03 1.753563495467493766e-15
8.455208361785280431e+03 1.807764499564785825e-15
8.458208361785280431e+03 1.850073562738907565e-15
8.461208361785280431e+03 1.892969549942539918e-15
8.464208361785280431e+03 1.948842170162447695e-15
8.467208361785280431e+03 2.015023967900595626e-15
8.470208361785280431e+03 2.063897981556646444e-15
8.473208361785280431e+03 2.113349962054540820e-15
8.476208361785280431e+03 2.130253690936575485e-15
8.479208361785280431e+03 2.140306380653864050e-15
8.482208361785280431e+03 2.137046103991176075e-15
8.485208361785280431e+03 2.125369171193453674e-15
8.488208361785280431e+03 2.070555845538327185e-15
8.491208361785280431e+03 1.990002176041426158e-15
8.494208361785280431e+03 1.908836195086580212e-15
8.497208361785280431e+03 1.829972041310684566e-15
8.500208361785280431e+03 1.776470995204302028e-15
8.503208361785280431e+03 1.747884100237515336e-15
8.506208361785280431e+03 1.710259902488354564e-15
8.509208361785280431e+03 1.680728557474880955e-15
8.512208361785280431e+03 1.660577645476327513e-15
8.515208361785280431e+03 1.639032822391029926e-15
8.518208361785280431e+03 1.625840214671109264e-15
8.521208361785280431e+03 1.616618281071089839e-15
8.524208361785280431e+03 1.613474546467554758e-15
8.527208361785280431e+03 1.622309267077128017e-15
8.530208361785280431e+03 1.621208603657004959e-15
8.533208361785280431e+03 1.594110109685196145e-15
8.536208361785280431e+03 1.558125014325128360e-15
8.539208361785280431e+03 1.517299969075999361e-15
8.542208361785280431e+03 1.477923203607358149e-15
8.545208361785280431e+03 1.477345009467956654e-15
8.548208361785280431e+03 1.483697240064345346e-15
8.551208361785280431e+03 1.516935049930909843e-15
8.554208361785280431e+03 1.560298733788999077e-15
8.557208361785280431e+03 1.599285496535924630e-15
8.560208361785280431e+03 1.656421717020372461e-15
8.563208361785280431e+03 1.723696642477904398e-15
8.566208361785280431e+03 1.777096877301553948e-15
8.569208361785280431e+03 1.852010200397450859e-15
8.572208361785280431e+03 1.916470270152953138e-15
8.575208361785280431e+03 1.944155368019724508e-15
8.578208361785280431e+03 1.987157840629388852e-15
8.581208361785280431e+03 2.035374880300311939e-15
8.584208361785280431e+03 2.048185639908481341e-15
8.587208361785280431e+03 2.031936768097658604e-15
8.590208361785280431e+03 2.008706227665294901e-15
8.593208361785280431e+03 1.999560965083617203e-15
8.596208361785280431e+03 2.008426920287634405e-15
8.599208361785280431e+03 2.046979993241812437e-15
8.602208361785280431e+03 2.107825837410272334e-15
8.605208361785280431e+03 2.149753229220880034e-15
8.608208361785280431e+03 2.202295832711593274e-15
8.611208361785280431e+03 2.280778106909767469e-15
8.614208361785280431e+03 2.345645773698711355e-15
8.617208361785280431e+03 2.385896624295016104e-15
8.620208361785280431e+03 2.419569929916461210e-15
8.623208361785280431e+03 2.457967749287264165e-15
8.626208361785280431e+03 2.473845110597735536e-15
8.629208361785280431e+03 2.456891457980163566e-15
8.632208361785280431e+03 2.445539436763148693e-15
8.635208361785280431e+03 2.426479768040880882e-15
8.638208361785280431e+03 2.399655454015411717e-15
8.641208361785280431e+03 2.373528101819204442e-15
8.644208361785280431e+03 2.353623554501283638e-15
8.647208361785280431e+03 2.359511416775278315e-15
8.650208361785280431e+03 2.383579038447766035e-15
8.653208361785280431e+03 2.392631162961924778e-15
8.656208361785280431e+03 2.403419269224059894e-15
8.659208361785280431e+03 2.421724716715155357e-15
8.662208361785280431e+03 2.450048150725264104e-15
8.665208361785280431e+03 2.468666411345394182e-15
8.668208361785280431e+03 2.476244315026702344e-15
8.671208361785280431e+03 2.469343163423727159e-15
8.674208361785280431e+03 2.459171160297278160e-15
8.677208361785280431e+03 2.440756811236022792e-15
8.680208361785280431e+03 2.395847999273796774e-15
8.683208361785280431e+03 2.349328568804958675e-15
8.686208361785280431e+03 2.305365222188828984e-15
8.689208361785280431e+03 2.263868231218095277e-15
8.692208361785280431e+03 2.250185288195738683e-15
8.695208361785280431e+03 2.239208557427898722e-15
8.698208361785280431e+03 2.246174449266553773e-15
8.701208361785280431e+03 2.258665103475647955e-15
8.704208361785280431e+03 2.266737390069904027e-15
8.707208361785280431e+03 2.287351835105916851e-15
8.710208361785280431e+03 2.285410474488616292e-15
8.713208361785280431e+03 2.285198665506209263e-15
8.716208361785280431e+03 2.286479399186369789e-15
8.719208361785280431e+03 2.273311896879674010e-15
8.722208361785280431e+03 2.243115632964508565e-15
8.725208361785280431e+03 2.196402084910662660e-15
8.728208361785280431e+03 2.130661729990969790e-15
8.731208361785280431e+03 2.067915676343661529e-15
8.734208361785280431e+03 1.999549468358785553e-15
8.737208361785280431e+03 1.947796820880962386e-15
8.740208361785280431e+03 1.936544169273146073e-15
8.743208361785280431e+03 1.955273701543812667e-15
8.746208361785280431e+03 1.973343449064295797e-15
8.749208361785280431e+03 1.990682298599030971e-15
8.752208361785280431e+03 2.004067028877723863e-15
8.755208361785280431e+03 2.031673717811455162e-15
8.758208361785280431e+03 2.058798338728359524e-15
8.761208361785280431e+03 2.073413139512174064e-15
8.764208361785280431e+03 2.090964841331062633e-15
8.767208361785280431e+03 2.081759513890069371e-15
8.770208361785280431e+03 2.027076209491768165e-15
8.773208361785280431e+03 1.955114008506107282e-15
8.776208361785280431e+03 1.894756879569450187e-15
8.779208361785280431e+03 1.845667082596637833e-15
8.782208361785280431e+03 1.817682265219942675e-15
8.785208361785280431e+03 1.775109465618850990e-15
8.788208361785280431e+03 1.736531590419483637e-15
8.791208361785280431e+03 1.709540149105507010e-15
8.794208361785280431e+03 1.712253792037323685e-15
8.797208361785280431e+03 1.701094748031511139e-15
8.800208361785280431e+03 1.722258273345836010e-15
8.803208361785280431e+03 1.795079460564411115e-15
8.806208361785280431e+03 1.900709639256528318e-15
8.809208361785280431e+03 2.008794046456834113e-15
8.812208361785280431e+03 2.077087098747233784e-15
8.815208361785280431e+03 2.102816883555005899e-15
8.818208361785280431e+03 2.087041999870338209e-15
8.821208361785280431e+03 2.042334667471084841e-15
8.824208361785280431e+03 1.968310305442548773e-15
8.827208361785280431e+03 1.880206148163999746e-15
8.830208361785280431e+03 1.802708280484224887e-15
8.833208361785280431e+03 1.755191959766097685e-15
8.836208361785280431e+03 1.743759286704543714e-15
8.839208361785280431e+03 1.741510420757598639e-15
8.842208361785280431e+03 1.739437885079046728e-15
8.845208361785280431e+03 1.752797532364801522e-15
8.848208361785280431e+03 1.777389969686198903e-15
8.851208361785280431e+03 1.786247175639208372e-15
8.854208361785280431e+03 1.768093171029817604e-15
8.857208361785280431e+03 1.767034596356642360e-15
8.860208361785280431e+03 1.795898701095932203e-15
8.863208361785280431e+03 1.845385400308527677e-15
8.866208361785280431e+03 1.906158858969643926e-15
8.869208361785280431e+03 1.956049016739255362e-15
8.872208361785280431e+03 1.947074029734676858e-15
8.875208361785280431e+03 1.878066763852057851e-15
8.878208361785280431e+03 1.783156439009095466e-15
8.881208361785280431e+03 1.692122793436298478e-15
8.884208361785280431e+03 1.646120840002926339e-15
8.887208361785280431e+03 1.630466880795398606e-15
8.890208361785280431e+03 1.611464402328375377e-15
8.893208361785280431e+03 1.605562018099585991e-15
8.896208361785280431e+03 1.640614467888676929e-15
8.899208361785280431e+03 1.716877308777130598e-15
8.902208361785280431e+03 1.782380294099039919e-15
8.905208361785280431e+03 1.798921196542669007e-15
8.908208361785280431e+03 1.796661107281960116e-15
8.911208361785280431e+03 1.782724225971146873e-15
8.914208361785280431e+03 1.768414385783008814e-15
8.917208361785280431e+03 1.758752365026216806e-15
8.920208361785280431e+03 1.754397915894518619e-15
8.923208361785280431e+03 1.751264335919412249e-15
8.926208361785280431e+03 1.742389051481006154e-15
8.929208361785280431e+03 1.722625270074903539e-15
8.932208361785280431e+03 1.709379326902303663e-15
8.935208361785280431e+03 1.724384488507957366e-15
8.938208361785280431e+03 1.738789133384152500e-15
8.941208361785280431e+03 1.763514347422327908e-15
8.944208361785280431e+03 1.781103931941223564e-15
8.947208361785280431e+03 1.776749862017232463e-15
8.950208361785280431e+03 1.776596529034091048e-15
8.953208361785280431e+03 1.770585757627921899e-15
8.956208361785280431e+03 1.780490765625603505e-15
8.959208361785280431e+03 1.789206872325028195e-15
8.962208361785280431e+03 1.789810995985834352e-15
8.965208361785280431e+03 1.820566827854183260e-15
8.968208361785280431e+03 1.838359862330576524e-15
8.971208361785280431e+03 1.846323995259107738e-15
8.974208361785280431e+03 1.856037349861120412e-15
8.977208361785280431e+03 1.850853586098368741e-15
8.980208361785280431e+03 1.825433902962760648e-15
8.983208361785280431e+03 1.815356730836006562e-15
8.986208361785280431e+03 1.805717603840178952e-15
8.989208361785280431e+03 1.770650133593162090e-15
8.992208361785280431e+03 1.739926103961628470e-15
8.995208361785280431e+03 1.721891123498546105e-15
8.998208361785280431e+03 1.729983008767629277e-15
9.001208361785280431e+03 1.745735278006194595e-15
9.004208361785280431e+03 1.764165925130051385e-15
9.007208361785280431e+03 1.784511737878797560e-15
9.010208361785280431e+03 1.779031831074822692e-15
9.013208361785280431e+03 1.780814312174821923e-15
9.016208361785280431e+03 1.797899148882286297e-15
9.019208361785280431e+03 1.801298267722546161e-15
9.022208361785280431e+03 1.791431111048361630e-15
9.025208361785280431e+03 1.757198404177073249e-15
9.028208361785280431e+03 1.726554769529009167e-15
9.031208361785280431e+03 1.693349069546825210e-15
9.034208361785280431e+03 1.653078901234435610e-15
9.037208361785280431e+03 1.643648621939011671e-15
9.040208361785280431e+03 1.624924512390646485e-15
9.043208361785280431e+03 1.615880762346524942e-15
9.046208361785280431e+03 1.639591771252413482e-15
9.049208361785280431e+03 1.654521759137842272e-15
9.052208361785280431e+03 1.692611634787805102e-15
9.055208361785280431e+03 1.705887724560422853e-15
9.058208361785280431e+03 1.724050279284890321e-15
9.061208361785280431e+03 1.751851295311780531e-15
9.064208361785280431e+03 1.758083924218350907e-15
9.067208361785280431e+03 1.746686981230709531e-15
9.070208361785280431e+03 1.730525152847841140e-15
9.073208361785280431e+03 1.718983690206173831e-15
9.076208361785280431e+03 1.698497763804457334e-15
9.079208361785280431e+03 1.644936984673973267e-15
9.082208361785280431e+03 1.574570994669209997e-15
9.085208361785280431e+03 1.509008789581494559e-15
9.088208361785280431e+03 1.449218419674496070e-15
9.091208361785280431e+03 1.414816091909891511e-15
9.094208361785280431e+03 1.380313177792777797e-15
9.097208361785280431e+03 1.362750746541408739e-15
9.100208361785280431e+03 1.387863377755256474e-15
9.103208361785280431e+03 1.401242376446709993e-15
9.106208361785280431e+03 1.423717064125817206e-15
9.109208361785280431e+03 1.427450532885286821e-15
9.112208361785280431e+03 1.444797705659524742e-15
9.115208361785280431e+03 1.457249121140954105e-15
9.118208361785280431e+03 1.460988510417116883e-15
9.121208361785280431e+03 1.438603960169870175e-15
9.124208361785280431e+03 1.437350517522415760e-15
9.127208361785280431e+03 1.443724653227862107e-15
9.130208361785280431e+03 1.418211728293820581e-15
9.133208361785280431e+03 1.374834007233649759e-15
9.136208361785280431e+03 1.352482447974904710e-15
9.139208361785280431e+03 1.342967954031682885e-15
9.142208361785280431e+03 1.331720432596890257e-15
9.145208361785280431e+03 1.340039333888400814e-15
9.148208361785280431e+03 1.368001522209991918e-15
9.151208361785280431e+03 1.408183462291098494e-15
9.154208361785280431e+03 1.450852586925523313e-15
9.157208361785280431e+03 1.507592801980960682e-15
9.160208361785280431e+03 1.567277601287783022e-15
9.163208361785280431e+03 1.597312597428682676e-15
9.166208361785280431e+03 1.635892603527016009e-15
9.169208361785280431e+03 1.646465617844034971e-15
9.172208361785280431e+03 1.637048521450160159e-15
9.175208361785280431e+03 1.643152659136616393e-15
9.178208361785280431e+03 1.639515663025149100e-15
9.181208361785280431e+03 1.615168478042870066e-15
9.184208361785280431e+03 1.616810820099080720e-15
9.187208361785280431e+03 1.601644077386910463e-15
9.190208361785280431e+03 1.575653044993243129e-15
9.193208361785280431e+03 1.556144579354623470e-15
9.196208361785280431e+03 1.554477701841095436e-15
9.199208361785280431e+03 1.585765892915324104e-15
9.202208361785280431e+03 1.616430229421907422e-15
9.205208361785280431e+03 1.649554906520008014e-15
9.208208361785280431e+03 1.682739175435955456e-15
9.211208361785280431e+03 1.711059421927824932e-15
9.214208361785280431e+03 1.732323030335029188e-15
9.217208361785280431e+03 1.759696006049743426e-15
9.220208361785280431e+03 1.769923953819987397e-15
9.223208361785280431e+03 1.747605662292333949e-15
9.226208361785280431e+03 1.709688019064063218e-15
9.229208361785280431e+03 1.675149929956333223e-15
9.232208361785280431e+03 1.653867539223250714e-15
9.235208361785280431e+03 1.632041576007108448e-15
9.238208361785280431e+03 1.595157680843733374e-15
9.241208361785280431e+03 1.534898891196147183e-15
9.244208361785280431e+03 1.478859523145055922e-15
9.247208361785280431e+03 1.453652794367441977e-15
9.250208361785280431e+03 1.443430022087964602e-15
9.253208361785280431e+03 1.436331540204164036e-15
9.256208361785280431e+03 1.431138360781470974e-15
9.259208361785280431e+03 1.451957962788672607e-15
9.262208361785280431e+03 1.476684557594501527e-15
9.265208361785280431e+03 1.500376181000774616e-15
9.268208361785280431e+03 1.527328585846952592e-15
9.271208361785280431e+03 1.556994898630153085e-15
9.274208361785280431e+03 1.549540830698433365e-15
9.277208361785280431e+03 1.548699630308872737e-15
9.280208361785280431e+03 1.549872951733286107e-15
9.283208361785280431e+03 1.562393728934732145e-15
9.286208361785280431e+03 1.586298809961063184e-15
9.289208361785280431e+03 1.603430056760439247e-15
9.292208361785280431e+03 1.644704658143317481e-15
9.295208361785280431e+03 1.684895055341590703e-15
9.298208361785280431e+03 1.686256236682799660e-15
9.301208361785280431e+03 1.666963909379870782e-15
9.304208361785280431e+03 1.636758995825922162e-15
9.307208361785280431e+03 1.611556555877292538e-15
9.310208361785280431e+03 1.593000028318493919e-15
9.313208361785280431e+03 1.562075499982576582e-15
9.316208361785280431e+03 1.567908040240438325e-15
9.319208361785280431e+03 1.630623943696299417e-15
9.322208361785280431e+03 1.708063830334230398e-15
9.325208361785280431e+03 1.734555516669248752e-15
9.328208361785280431e+03 1.721970034885446399e-15
9.331208361785280431e+03 1.654581027118207858e-15
9.334208361785280431e+03 1.578942692891779173e-15
9.337208361785280431e+03 1.556215915417571114e-15
9.340208361785280431e+03 1.526937393754070714e-15
9.343208361785280431e+03 1.523503487715485608e-15
9.346208361785280431e+03 1.511185681749671200e-15
9.349208361785280431e+03 1.521309978276065056e-15
9.352208361785280431e+03 1.594367385348859525e-15
9.355208361785280431e+03 1.727382277181153527e-15
9.358208361785280431e+03 1.821401253297900212e-15
9.361208361785280431e+03 1.801156550055841979e-15
9.364208361785280431e+03 1.723987785066187638e-15
9.367208361785280431e+03 1.613608303303329121e-15
9.370208361785280431e+03 1.504713233638449703e-15
9.373208361785280431e+03 1.455726554661924705e-15
9.376208361785280431e+03 1.452272836011340104e-15
9.379208361785280431e+03 1.479702900436442260e-15
