3.692870569288023944e+03 3.165930795012627698e-15
3.695870569288023944e+03 3.243284904878617600e-15
3.698870569288023944e+03 3.248680602118504161e-15
3.701870569288023944e+03 3.215935307775728193e-15
3.704870569288023944e+03 3.238281568912938578e-15
3.707870569288023944e+03 3.447449216470738253e-15
3.710870569288023944e+03 3.705097712428833124e-15
3.713870569288023944e+03 3.948533316479869614e-15
3.716870569288023944e+03 4.287451763703681795e-15
3.719870569288023944e+03 4.626885524536286013e-15
3.722870569288023944e+03 4.962772015201509401e-15
3.725870569288023944e+03 5.303086190628557122e-15
3.728870569288023944e+03 5.506236327562716397e-15
3.731870569288023944e+03 5.697935096954888581e-15
3.734870569288023944e+03 5.988357925488155533e-15
3.737870569288023944e+03 6.112114665242482217e-15
3.740870569288023944e+03 6.196033366179757272e-15
3.743870569288023944e+03 6.269038502043635758e-15
3.746870569288023944e+03 6.476450480146585805e-15
3.749870569288023944e+03 6.604464441479035338e-15
3.752870569288023944e+03 6.652057509718207758e-15
3.755870569288023944e+03 6.580876234825173084e-15
3.758870569288023944e+03 6.796146929635748568e-15
3.761870569288023944e+03 6.960610815596310970e-15
3.764870569288023944e+03 6.984347481933519816e-15
3.767870569288023944e+03 6.932789189561072012e-15
3.770870569288023944e+03 6.828398744588964531e-15
3.773870569288023944e+03 6.688652589791798168e-15
3.776870569288023944e+03 6.543179358361231471e-15
3.779870569288023944e+03 6.431493908226652513e-15
3.782870569288023944e+03 6.326790635596719127e-15
3.785870569288023944e+03 6.218570419771233804e-15
3.788870569288023944e+03 6.143340653565584270e-15
3.791870569288023944e+03 6.118726452604998352e-15
3.794870569288023944e+03 6.138287150985950227e-15
3.797870569288023944e+03 6.185143452906410813e-15
3.800870569288023944e+03 6.147108998953628857e-15
3.803870569288023944e+03 6.089068859787160956e-15
3.806870569288023944e+03 6.053309384200126456e-15
3.809870569288023944e+03 6.044936335529222956e-15
3.812870569288023944e+03 6.061973863169364124e-15
3.815870569288023944e+03 6.086997872866308049e-15
3.818870569288023944e+03 5.968210860316158733e-15
3.821870569288023944e+03 5.884299906253094310e-15
3.824870569288023944e+03 5.781420430472272782e-15
3.827870569288023944e+03 5.583570320954288262e-15
3.830870569288023944e+03 5.336625367081499576e-15
3.833870569288023944e+03 5.070396965513426440e-15
3.836870569288023944e+03 4.790477389634800167e-15
3.839870569288023944e+03 4.514230808408499790e-15
3.842870569288023944e+03 4.195890846082259057e-15
3.845870569288023944e+03 3.874288129571837491e-15
3.848870569288023944e+03 3.630416933664875097e-15
3.851870569288023944e+03 3.412376794623842947e-15
3.854870569288023944e+03 3.197939114279596263e-15
3.857870569288023944e+03 2.979588111839461432e-15
3.860870569288023944e+03 2.901285630671823779e-15
3.863870569288023944e+03 2.758618180609264275e-15
3.866870569288023944e+03 2.595164417222182657e-15
3.869870569288023944e+03 2.574905822954782087e-15
3.872870569288023944e+03 2.616542486753533327e-15
3.875870569288023944e+03 2.685523901141414667e-15
3.878870569288023944e+03 2.768181345986229272e-15
3.881870569288023944e+03 2.843471056019672773e-15
3.884870569288023944e+03 2.927834200839462114e-15
3.887870569288023944e+03 3.020045434315937166e-15
3.890870569288023944e+03 3.104759883426115611e-15
3.893870569288023944e+03 3.169311944136330099e-15
3.896870569288023944e+03 3.235543293270468922e-15
3.899870569288023944e+03 3.326912008603833630e-15
3.902870569288023944e+03 3.499764068352326297e-15
3.905870569288023944e+03 3.667903851959378633e-15
3.908870569288023944e+03 3.824901936438835686e-15
3.911870569288023944e+03 4.091555309198598400e-15
3.914870569288023944e+03 4.408948164997475171e-15
3.917870569288023944e+03 4.756426564085517423e-15
3.920870569288023944e+03 5.111952291141383271e-15
3.923870569288023944e+03 5.671794041597294113e-15
3.926870569288023944e+03 6.237218745711671890e-15
3.929870569288023944e+03 6.750070010981074408e-15
3.932870569288023944e+03 7.219923304409271155e-15
3.935870569288023944e+03 7.698947899072021682e-15
3.938870569288023944e+03 8.168104008749696889e-15
3.941870569288023944e+03 8.565835077071600477e-15
3.944870569288023944e+03 8.804296570808534042e-15
3.947870569288023944e+03 8.967055906510204150e-15
3.950870569288023944e+03 9.078787622507037613e-15
3.953870569288023944e+03 9.151806569071695832e-15
3.956870569288023944e+03 9.177664900784515096e-15
3.959870569288023944e+03 9.161462273496350610e-15
3.962870569288023944e+03 9.120096340083574978e-15
3.965870569288023944e+03 9.141998283301642585e-15
3.968870569288023944e+03 9.154314531035675188e-15
3.971870569288023944e+03 9.090563599700777257e-15
3.974870569288023944e+03 9.061993521835774497e-15
3.977870569288023944e+03 9.012839690587586983e-15
3.980870569288023944e+03 8.940797664721241879e-15
3.983870569288023944e+03 8.901777959568799592e-15
3.986870569288023944e+03 8.804804043246059161e-15
3.989870569288023944e+03 8.672876622478393147e-15
3.992870569288023944e+03 8.523400565332117060e-15
3.995870569288023944e+03 8.277109499554519402e-15
3.998870569288023944e+03 8.086157314566891820e-15
4.001870569288023944e+03 7.988831495136664448e-15
4.004870569288023944e+03 7.854065044705127293e-15
4.007870569288023944e+03 7.719592480647053714e-15
4.010870569288023944e+03 7.590392867629000593e-15
4.013870569288023944e+03 7.481097160781847674e-15
4.016870569288023944e+03 7.265751259521775116e-15
4.019870569288023944e+03 7.063824937582561364e-15
4.022870569288023944e+03 6.928298387805244289e-15
4.025870569288023944e+03 6.778969994362778462e-15
4.028870569288023944e+03 6.586083632299431779e-15
4.031870569288023944e+03 6.368783009429624745e-15
4.034870569288023944e+03 6.204202277695530320e-15
4.037870569288023944e+03 6.031629360562292828e-15
4.040870569288023944e+03 5.881210497325609161e-15
4.043870569288023944e+03 5.781644196060373265e-15
4.046870569288023944e+03 5.825900175099470856e-15
4.049870569288023944e+03 5.922292931250785215e-15
4.052870569288023944e+03 6.059662670990950358e-15
4.055870569288023944e+03 6.223180569874765352e-15
4.058870569288023944e+03 6.411366282255930546e-15
4.061870569288023944e+03 6.613850120686084119e-15
4.064870569288023944e+03 6.824323785535190585e-15
4.067870569288023944e+03 7.032874691364501558e-15
4.070870569288023944e+03 7.199160601578550024e-15
4.073870569288023944e+03 7.316479799609602358e-15
4.076870569288023944e+03 7.462128411871767267e-15
4.079870569288023944e+03 7.504856665880733267e-15
4.082870569288023944e+03 7.507001270486370292e-15
4.085870569288023944e+03 7.574997658770258002e-15
4.088870569288023944e+03 7.608886241613596402e-15
4.091870569288023944e+03 7.623933581136472622e-15
4.094870569288023944e+03 7.622654340180136516e-15
4.097870569288023944e+03 7.511244405211364381e-15
4.100870569288023944e+03 7.385787652670896937e-15
4.103870569288023944e+03 7.256600784389867639e-15
4.106870569288023944e+03 7.155305247450036284e-15
4.109870569288023944e+03 7.010320981232728986e-15
4.112870569288023944e+03 6.849497070684494910e-15
4.115870569288023944e+03 6.684947121191078614e-15
4.118870569288023944e+03 6.545064862479339152e-15
4.121870569288023944e+03 6.466111320340710826e-15
4.124870569288023944e+03 6.450920727079409913e-15
4.127870569288023944e+03 6.516163848975008433e-15
4.130870569288023944e+03 6.561347771653070274e-15
4.133870569288023944e+03 6.632402092461952718e-15
4.136870569288023944e+03 6.784961822799195791e-15
4.139870569288023944e+03 6.937456390020870483e-15
4.142870569288023944e+03 7.050252512432821070e-15
4.145870569288023944e+03 7.120945367867679707e-15
4.148870569288023944e+03 7.219037128839337493e-15
4.151870569288023944e+03 7.169242322933278393e-15
4.154870569288023944e+03 7.071502343620393705e-15
4.157870569288023944e+03 7.069247915330426049e-15
4.160870569288023944e+03 7.017647050668368408e-15
4.163870569288023944e+03 6.891088723684777923e-15
4.166870569288023944e+03 6.676100135493625500e-15
4.169870569288023944e+03 6.537846716093953773e-15
4.172870569288023944e+03 6.390086582664064817e-15
4.175870569288023944e+03 6.249841599159102195e-15
4.178870569288023944e+03 6.168848799273068881e-15
4.181870569288023944e+03 6.088482482945073577e-15
4.184870569288023944e+03 6.051356847127668656e-15
4.187870569288023944e+03 6.088113534658810158e-15
4.190870569288023944e+03 6.197635477442458801e-15
4.193870569288023944e+03 6.306541914777378493e-15
4.196870569288023944e+03 6.417553576506902287e-15
4.199870569288023944e+03 6.562017528039786095e-15
4.202870569288023944e+03 6.617905164538367643e-15
4.205870569288023944e+03 6.628780811289166213e-15
4.208870569288023944e+03 6.614574581556819838e-15
4.211870569288023944e+03 6.521255281338572167e-15
4.214870569288023944e+03 6.415842818014471049e-15
4.217870569288023944e+03 6.298907241183658313e-15
4.220870569288023944e+03 6.097337872875382402e-15
4.223870569288023944e+03 5.881904438468344882e-15
4.226870569288023944e+03 5.666084963930276071e-15
4.229870569288023944e+03 5.468178002247758181e-15
4.232870569288023944e+03 5.173774726444379461e-15
4.235870569288023944e+03 4.933544077650057664e-15
4.238870569288023944e+03 4.783850589205689362e-15
4.241870569288023944e+03 4.648751665320526957e-15
4.244870569288023944e+03 4.526431496737926246e-15
4.247870569288023944e+03 4.440749787652387285e-15
4.250870569288023944e+03 4.464069542447657959e-15
4.253870569288023944e+03 4.454910680951021048e-15
4.256870569288023944e+03 4.456579448873158376e-15
4.259870569288023944e+03 4.488304288810559470e-15
4.262870569288023944e+03 4.524346202058952344e-15
4.265870569288023944e+03 4.540978095799087925e-15
4.268870569288023944e+03 4.548102842844840850e-15
4.271870569288023944e+03 4.584609211676357337e-15
4.274870569288023944e+03 4.627769460818433680e-15
4.277870569288023944e+03 4.690989623901454585e-15
4.280870569288023944e+03 4.789575251016406340e-15
4.283870569288023944e+03 4.958505958972324987e-15
4.286870569288023944e+03 5.167403761303133949e-15
4.289870569288023944e+03 5.409141279034378182e-15
4.292870569288023944e+03 5.654724678476076587e-15
4.295870569288023944e+03 5.904314954444741107e-15
4.298870569288023944e+03 6.159119569524586528e-15
4.301870569288023944e+03 6.422683253211924362e-15
4.304870569288023944e+03 6.636822472989595855e-15
4.307870569288023944e+03 6.822291976283225350e-15
4.310870569288023944e+03 6.977409473757002136e-15
4.313870569288023944e+03 7.030633944588589808e-15
4.316870569288023944e+03 7.055899750277157778e-15
4.319870569288023944e+03 7.042905499179148334e-15
4.322870569288023944e+03 6.954020431780564833e-15
4.325870569288023944e+03 6.883914968932979803e-15
4.328870569288023944e+03 6.813928545551076271e-15
4.331870569288023944e+03 6.738024863000380876e-15
4.334870569288023944e+03 6.756930887365514368e-15
4.337870569288023944e+03 6.732613912493874539e-15
4.340870569288023944e+03 6.690767514990266351e-15
4.343870569288023944e+03 6.711203569593599392e-15
4.346870569288023944e+03 6.777614799192451004e-15
4.349870569288023944e+03 6.841086695621395105e-15
4.352870569288023944e+03 6.873395779677151571e-15
4.355870569288023944e+03 6.911980115972266266e-15
4.358870569288023944e+03 6.917153603530431156e-15
4.361870569288023944e+03 6.895419192145865434e-15
4.364870569288023944e+03 6.893152612575502985e-15
4.367870569288023944e+03 6.922749046181253832e-15
4.370870569288023944e+03 6.950614930168411796e-15
4.373870569288023944e+03 6.944478577589384496e-15
4.376870569288023944e+03 6.933696978769375795e-15
4.379870569288023944e+03 6.909810557588681039e-15
4.382870569288023944e+03 6.873361830936921217e-15
4.385870569288023944e+03 6.850745094904839352e-15
4.388870569288023944e+03 6.827661517041674495e-15
4.391870569288023944e+03 6.800174983607909098e-15
4.394870569288023944e+03 6.760065784107293628e-15
4.397870569288023944e+03 6.714055642156646397e-15
4.400870569288023944e+03 6.674124316259595193e-15
4.403870569288023944e+03 6.643011638533086664e-15
4.406870569288023944e+03 6.557354305830493790e-15
4.409870569288023944e+03 6.451679467569120432e-15
4.412870569288023944e+03 6.329423111795229341e-15
4.415870569288023944e+03 6.192551662091198979e-15
4.418870569288023944e+03 6.078660893086665097e-15
4.421870569288023944e+03 5.957440280360016372e-15
4.424870569288023944e+03 5.813325466114800252e-15
4.427870569288023944e+03 5.709076240264523952e-15
4.430870569288023944e+03 5.582448683878340039e-15
4.433870569288023944e+03 5.453542160219330419e-15
4.436870569288023944e+03 5.428191825957547788e-15
4.439870569288023944e+03 5.345835458053134809e-15
4.442870569288023944e+03 5.252417113142636453e-15
4.445870569288023944e+03 5.179997470951965216e-15
4.448870569288023944e+03 5.137199436597013441e-15
4.451870569288023944e+03 5.067004029939471257e-15
4.454870569288023944e+03 4.967771201537860316e-15
4.457870569288023944e+03 4.882779067345064370e-15
4.460870569288023944e+03 4.817606514340523760e-15
4.463870569288023944e+03 4.771503494069722851e-15
4.466870569288023944e+03 4.751859335382068204e-15
4.469870569288023944e+03 4.729584139128559433e-15
4.472870569288023944e+03 4.697117365397528873e-15
4.475870569288023944e+03 4.652699996931458136e-15
4.478870569288023944e+03 4.612482905394294601e-15
4.481870569288023944e+03 4.565706792120413520e-15
4.484870569288023944e+03 4.520912964378199908e-15
4.487870569288023944e+03 4.497819940040744861e-15
4.490870569288023944e+03 4.499260104708398007e-15
4.493870569288023944e+03 4.513592121804151374e-15
4.496870569288023944e+03 4.538577131557449866e-15
4.499870569288023944e+03 4.614541923495074162e-15
4.502870569288023944e+03 4.669577503280227313e-15
4.505870569288023944e+03 4.717391795856954979e-15
4.508870569288023944e+03 4.812721008932145470e-15
4.511870569288023944e+03 4.913046814848340123e-15
4.514870569288023944e+03 5.023169121004691764e-15
4.517870569288023944e+03 5.149087211477529303e-15
4.520870569288023944e+03 5.276743042050534346e-15
4.523870569288023944e+03 5.420986699467030150e-15
4.526870569288023944e+03 5.583485259706529939e-15
4.529870569288023944e+03 5.770631247315291204e-15
4.532870569288023944e+03 6.000361066928100050e-15
4.535870569288023944e+03 6.234477986734811485e-15
4.538870569288023944e+03 6.433591486299095560e-15
4.541870569288023944e+03 6.671862641607189538e-15
4.544870569288023944e+03 6.875760073472718266e-15
4.547870569288023944e+03 7.028378250762534596e-15
4.550870569288023944e+03 7.086757968502956154e-15
4.553870569288023944e+03 7.119314288957316125e-15
4.556870569288023944e+03 7.134930484508200513e-15
4.559870569288023944e+03 7.141729697026329894e-15
4.562870569288023944e+03 7.081763976349999161e-15
4.565870569288023944e+03 7.014878610123431057e-15
4.568870569288023944e+03 6.958785951957733028e-15
4.571870569288023944e+03 7.017979716139523532e-15
4.574870569288023944e+03 7.068400469848830736e-15
4.577870569288023944e+03 7.116390003281947383e-15
4.580870569288023944e+03 7.180849553402880103e-15
4.583870569288023944e+03 7.229992744264082771e-15
4.586870569288023944e+03 7.288633621055817361e-15
4.589870569288023944e+03 7.372348621242054622e-15
4.592870569288023944e+03 7.451792018248389554e-15
4.595870569288023944e+03 7.486373888654654025e-15
4.598870569288023944e+03 7.474709180759384011e-15
4.601870569288023944e+03 7.408664908554004425e-15
4.604870569288023944e+03 7.371026009052785638e-15
4.607870569288023944e+03 7.349046444831823160e-15
4.610870569288023944e+03 7.337134534556888291e-15
4.613870569288023944e+03 7.346655746897243733e-15
4.616870569288023944e+03 7.328216807254967153e-15
4.619870569288023944e+03 7.278636320719265379e-15
4.622870569288023944e+03 7.243727385169177086e-15
4.625870569288023944e+03 7.235262927363609714e-15
4.628870569288023944e+03 7.237816992990271420e-15
4.631870569288023944e+03 7.233383772747226366e-15
4.634870569288023944e+03 7.183026358265825136e-15
4.637870569288023944e+03 7.121766965808759439e-15
4.640870569288023944e+03 7.057422515515073068e-15
4.643870569288023944e+03 6.991857557902320666e-15
4.646870569288023944e+03 6.949827668410739514e-15
4.649870569288023944e+03 6.916392376471335167e-15
4.652870569288023944e+03 6.857375463249522623e-15
4.655870569288023944e+03 6.789868885239466844e-15
4.658870569288023944e+03 6.720982802954448266e-15
4.661870569288023944e+03 6.653544414732084330e-15
4.664870569288023944e+03 6.563132085370680448e-15
4.667870569288023944e+03 6.484777239794620988e-15
4.670870569288023944e+03 6.421642902705535961e-15
4.673870569288023944e+03 6.387861922566609519e-15
4.676870569288023944e+03 6.352513816537644974e-15
4.679870569288023944e+03 6.325859611021696236e-15
4.682870569288023944e+03 6.318353017059595185e-15
4.685870569288023944e+03 6.334175438569506401e-15
4.688870569288023944e+03 6.336093123190763495e-15
4.691870569288023944e+03 6.317046547523950407e-15
4.694870569288023944e+03 6.247951587652674758e-15
4.697870569288023944e+03 6.219909586856867940e-15
4.700870569288023944e+03 6.203287445494740758e-15
4.703870569288023944e+03 6.166396560107554876e-15
4.706870569288023944e+03 6.121736829506259585e-15
4.709870569288023944e+03 6.081355413793257301e-15
4.712870569288023944e+03 6.046230929062136155e-15
4.715870569288023944e+03 5.977110271449673672e-15
4.718870569288023944e+03 5.929387735447488753e-15
4.721870569288023944e+03 5.879703656116353160e-15
4.724870569288023944e+03 5.778457866493521180e-15
4.727870569288023944e+03 5.651153775316700482e-15
4.730870569288023944e+03 5.524058898823651678e-15
4.733870569288023944e+03 5.406567047794663954e-15
4.736870569288023944e+03 5.242206173571277781e-15
4.739870569288023944e+03 5.073172888547400039e-15
4.742870569288023944e+03 4.893406561418066421e-15
4.745870569288023944e+03 4.674939747141513836e-15
4.748870569288023944e+03 4.491910765557829495e-15
4.751870569288023944e+03 4.343356656512351518e-15
4.754870569288023944e+03 4.238470501455424242e-15
4.757870569288023944e+03 4.118927501214651452e-15
4.760870569288023944e+03 3.988768468268002839e-15
4.763870569288023944e+03 3.851307120563460847e-15
4.766870569288023944e+03 3.724847511110437909e-15
4.769870569288023944e+03 3.633498008697770446e-15
4.772870569288023944e+03 3.548528337207457245e-15
4.775870569288023944e+03 3.443059422079573511e-15
4.778870569288023944e+03 3.423525321813048773e-15
4.781870569288023944e+03 3.432141159852334292e-15
4.784870569288023944e+03 3.465114742565752689e-15
4.787870569288023944e+03 3.586823908463776474e-15
4.790870569288023944e+03 3.776923591142629514e-15
4.793870569288023944e+03 4.022690565023201772e-15
4.796870569288023944e+03 4.328280328494461464e-15
4.799870569288023944e+03 4.712566434911230889e-15
4.802870569288023944e+03 5.119486843803135171e-15
4.805870569288023944e+03 5.535074133347332730e-15
4.808870569288023944e+03 5.927076874108790539e-15
4.811870569288023944e+03 6.277690420922751484e-15
4.814870569288023944e+03 6.597416413310606724e-15
4.817870569288023944e+03 6.904415447162282253e-15
4.820870569288023944e+03 7.161237449695364845e-15
4.823870569288023944e+03 7.362117560290441479e-15
4.826870569288023944e+03 7.490895765346551599e-15
4.829870569288023944e+03 7.547071941510679905e-15
4.832870569288023944e+03 7.551301093615418216e-15
4.835870569288023944e+03 7.505512783927878320e-15
4.838870569288023944e+03 7.398911178199889567e-15
4.841870569288023944e+03 7.242643690161034725e-15
4.844870569288023944e+03 7.067403261839815154e-15
4.847870569288023944e+03 6.892425247904090379e-15
4.850870569288023944e+03 6.741112835733321037e-15
4.853870569288023944e+03 6.623328247126494287e-15
4.856870569288023944e+03 6.543545666220619064e-15
4.859870569288023944e+03 6.531405593226136769e-15
4.862870569288023944e+03 6.538014941103752693e-15
4.865870569288023944e+03 6.574894517083284431e-15
4.868870569288023944e+03 6.671984626008031663e-15
4.871870569288023944e+03 6.779810585996097732e-15
4.874870569288023944e+03 6.904569116882471655e-15
4.877870569288023944e+03 7.047889298085346580e-15
4.880870569288023944e+03 7.164160019290534826e-15
4.883870569288023944e+03 7.234604743272701870e-15
4.886870569288023944e+03 7.288878427301366511e-15
4.889870569288023944e+03 7.391000950120413525e-15
4.892870569288023944e+03 7.471133782833610151e-15
4.895870569288023944e+03 7.520768716505191144e-15
4.898870569288023944e+03 7.530629829864067323e-15
4.901870569288023944e+03 7.510133038718186882e-15
4.904870569288023944e+03 7.470064983765513573e-15
4.907870569288023944e+03 7.404512580396156895e-15
4.910870569288023944e+03 7.278167584361566325e-15
4.913870569288023944e+03 7.167867770431279588e-15
4.916870569288023944e+03 7.039260196203523951e-15
4.919870569288023944e+03 6.862405551298925183e-15
4.922870569288023944e+03 6.632946877769683148e-15
4.925870569288023944e+03 6.391869492314072546e-15
4.928870569288023944e+03 6.145257548541212813e-15
4.931870569288023944e+03 5.910152827777378370e-15
4.934870569288023944e+03 5.657312791670484665e-15
4.937870569288023944e+03 5.399202330658862374e-15
4.940870569288023944e+03 5.148218256238582010e-15
4.943870569288023944e+03 5.000067694878459839e-15
4.946870569288023944e+03 4.889358034312158841e-15
4.949870569288023944e+03 4.808045257875127191e-15
4.952870569288023944e+03 4.800174620509257061e-15
4.955870569288023944e+03 4.835568500518716352e-15
4.958870569288023944e+03 4.908044985179909062e-15
4.961870569288023944e+03 5.022821527731697874e-15
4.964870569288023944e+03 5.209849298195773514e-15
4.967870569288023944e+03 5.411789202372916156e-15
4.970870569288023944e+03 5.611433130132681652e-15
4.973870569288023944e+03 5.764841275025961196e-15
4.976870569288023944e+03 5.917043017582003916e-15
4.979870569288023944e+03 6.070826639536843093e-15
4.982870569288023944e+03 6.235293899271539496e-15
4.985870569288023944e+03 6.356883573692725161e-15
4.988870569288023944e+03 6.448029666521657504e-15
4.991870569288023944e+03 6.507699373763401103e-15
4.994870569288023944e+03 6.601546554090395241e-15
4.997870569288023944e+03 6.669157599994594845e-15
5.000870569288023944e+03 6.712008007915139574e-15
5.003870569288023944e+03 6.758526238044215497e-15
5.006870569288023944e+03 6.786770737582182643e-15
5.009870569288023944e+03 6.789790416932995730e-15
5.012870569288023944e+03 6.751041548175794519e-15
5.015870569288023944e+03 6.753280789658609216e-15
5.018870569288023944e+03 6.755967370467007715e-15
5.021870569288023944e+03 6.749251749248746707e-15
5.024870569288023944e+03 6.683522919957689101e-15
5.027870569288023944e+03 6.602524001271047321e-15
5.030870569288023944e+03 6.520956751657299688e-15
5.033870569288023944e+03 6.462475262436298408e-15
5.036870569288023944e+03 6.389614190879245572e-15
5.039870569288023944e+03 6.306483473151038663e-15
5.042870569288023944e+03 6.213341330712090403e-15
5.045870569288023944e+03 6.126360258533236575e-15
5.048870569288023944e+03 6.022491073332362614e-15
5.051870569288023944e+03 5.902791289251570170e-15
5.054870569288023944e+03 5.763378416582596650e-15
5.057870569288023944e+03 5.620304027215194294e-15
5.060870569288023944e+03 5.472380125343152884e-15
5.063870569288023944e+03 5.317953877694066937e-15
5.066870569288023944e+03 5.150997750186313852e-15
5.069870569288023944e+03 4.975353669549895697e-15
5.072870569288023944e+03 4.792225341080035996e-15
5.075870569288023944e+03 4.604243098676328756e-15
5.078870569288023944e+03 4.408180028166791157e-15
5.081870569288023944e+03 4.207764561059253561e-15
5.084870569288023944e+03 4.004487872825951512e-15
5.087870569288023944e+03 3.878058117971093231e-15
5.090870569288023944e+03 3.785855641599455270e-15
5.093870569288023944e+03 3.723538985706185857e-15
5.096870569288023944e+03 3.695010876573988037e-15
5.099870569288023944e+03 3.728078347662029987e-15
5.102870569288023944e+03 3.804380795331355855e-15
5.105870569288023944e+03 3.918387871375603562e-15
5.108870569288023944e+03 4.026868601403939847e-15
5.111870569288023944e+03 4.173275724129554137e-15
5.114870569288023944e+03 4.369558631785655486e-15
5.117870569288023944e+03 4.594261734111761864e-15
5.120870569288023944e+03 4.777380382648011475e-15
5.123870569288023944e+03 4.940699964617941256e-15
5.126870569288023944e+03 5.124699993420373712e-15
5.129870569288023944e+03 5.301867688942518475e-15
5.132870569288023944e+03 5.453360033036029726e-15
5.135870569288023944e+03 5.567304288104850402e-15
5.138870569288023944e+03 5.684135407662896367e-15
5.141870569288023944e+03 5.814591912571399539e-15
5.144870569288023944e+03 5.946233939156374467e-15
5.147870569288023944e+03 6.029231318223926329e-15
5.150870569288023944e+03 6.113595134764395521e-15
5.153870569288023944e+03 6.174203829817541328e-15
5.156870569288023944e+03 6.187071581460229148e-15
5.159870569288023944e+03 6.136956489078276059e-15
5.162870569288023944e+03 6.116239325459955890e-15
5.165870569288023944e+03 6.131347828870935851e-15
5.168870569288023944e+03 6.175838222069071035e-15
5.171870569288023944e+03 6.206420087319563023e-15
5.174870569288023944e+03 6.228276997845077396e-15
5.177870569288023944e+03 6.243575269851752962e-15
5.180870569288023944e+03 6.211815581619045538e-15
5.183870569288023944e+03 6.155492529054347960e-15
5.186870569288023944e+03 6.081545524008257090e-15
5.189870569288023944e+03 6.062342348989881150e-15
5.192870569288023944e+03 6.019886381135498168e-15
5.195870569288023944e+03 5.959497049881383368e-15
5.198870569288023944e+03 5.882705973957907279e-15
5.201870569288023944e+03 5.824696836322586782e-15
5.204870569288023944e+03 5.778713092164403006e-15
5.207870569288023944e+03 5.744132165868520201e-15
5.210870569288023944e+03 5.723252433242256599e-15
5.213870569288023944e+03 5.722214814789130647e-15
5.216870569288023944e+03 5.728472918013933062e-15
5.219870569288023944e+03 5.704102117462802595e-15
5.222870569288023944e+03 5.694558980628159062e-15
5.225870569288023944e+03 5.685191604006950435e-15
5.228870569288023944e+03 5.667978884248284639e-15
5.231870569288023944e+03 5.615793161447139999e-15
5.234870569288023944e+03 5.574364902297327856e-15
5.237870569288023944e+03 5.541670542576598669e-15
5.240870569288023944e+03 5.492186711765957050e-15
5.243870569288023944e+03 5.481614496623445297e-15
5.246870569288023944e+03 5.489456142564396459e-15
5.249870569288023944e+03 5.503725649430582046e-15
5.252870569288023944e+03 5.568073795692349177e-15
5.255870569288023944e+03 5.647773258084745189e-15
5.258870569288023944e+03 5.734570200303303982e-15
5.261870569288023944e+03 5.783236263730905384e-15
5.264870569288023944e+03 5.859141473010597438e-15
5.267870569288023944e+03 5.944626805147503091e-15
5.270870569288023944e+03 6.016831231182932591e-15
5.273870569288023944e+03 6.079485490490269689e-15
5.276870569288023944e+03 6.137929278957689188e-15
5.279870569288023944e+03 6.193185841356594555e-15
5.282870569288023944e+03 6.247724186231987464e-15
5.285870569288023944e+03 6.253571082073362498e-15
5.288870569288023944e+03 6.239871043465596093e-15
5.291870569288023944e+03 6.274874116978132015e-15
5.294870569288023944e+03 6.309522266426679804e-15
5.297870569288023944e+03 6.330132498828661974e-15
5.300870569288023944e+03 6.327557890349213143e-15
5.303870569288023944e+03 6.352633057963139338e-15
5.306870569288023944e+03 6.379612303365832748e-15
5.309870569288023944e+03 6.401585777259453756e-15
5.312870569288023944e+03 6.389414527859221418e-15
5.315870569288023944e+03 6.351523140083860391e-15
5.318870569288023944e+03 6.320508104735091214e-15
5.321870569288023944e+03 6.323629143222753104e-15
5.324870569288023944e+03 6.321149823685273970e-15
5.327870569288023944e+03 6.294353450492704756e-15
5.330870569288023944e+03 6.245479197901110938e-15
5.333870569288023944e+03 6.212524775605711218e-15
5.336870569288023944e+03 6.179497511023682694e-15
5.339870569288023944e+03 6.140162945595906542e-15
5.342870569288023944e+03 6.083809841251723244e-15
5.345870569288023944e+03 6.004404216194857967e-15
5.348870569288023944e+03 5.939534227272071388e-15
5.351870569288023944e+03 5.897768565782478082e-15
5.354870569288023944e+03 5.869586093749608827e-15
5.357870569288023944e+03 5.841571410236709274e-15
5.360870569288023944e+03 5.823383331484882118e-15
5.363870569288023944e+03 5.840451305427857088e-15
5.366870569288023944e+03 5.806827993203710173e-15
5.369870569288023944e+03 5.768671283205046095e-15
5.372870569288023944e+03 5.742305291983894537e-15
5.375870569288023944e+03 5.726352254780716431e-15
5.378870569288023944e+03 5.712406065858466034e-15
5.381870569288023944e+03 5.699433255961362507e-15
5.384870569288023944e+03 5.684435622384555066e-15
5.387870569288023944e+03 5.667447064865726367e-15
5.390870569288023944e+03 5.648684780454310559e-15
5.393870569288023944e+03 5.627768669671619076e-15
5.396870569288023944e+03 5.591995118479004626e-15
5.399870569288023944e+03 5.552191891122933691e-15
5.402870569288023944e+03 5.514335611877580844e-15
5.405870569288023944e+03 5.514064380902500568e-15
5.408870569288023944e+03 5.486422764166338908e-15
5.411870569288023944e+03 5.451318126213070011e-15
5.414870569288023944e+03 5.426800327070112702e-15
5.417870569288023944e+03 5.396384773167033829e-15
5.420870569288023944e+03 5.360379898121313321e-15
5.423870569288023944e+03 5.321305959314903117e-15
5.426870569288023944e+03 5.321377640081054800e-15
5.429870569288023944e+03 5.298014995156178847e-15
5.432870569288023944e+03 5.268901356945844381e-15
5.435870569288023944e+03 5.262718264922413921e-15
5.438870569288023944e+03 5.221544536724281135e-15
5.441870569288023944e+03 5.183424236863699026e-15
5.444870569288023944e+03 5.160138559268101687e-15
5.447870569288023944e+03 5.147897199287954822e-15
5.450870569288023944e+03 5.124699248728455584e-15
5.453870569288023944e+03 5.100285357204878005e-15
5.456870569288023944e+03 5.104053755458791142e-15
5.459870569288023944e+03 5.088267456523206603e-15
5.462870569288023944e+03 5.079467992223785529e-15
5.465870569288023944e+03 5.093220802152593360e-15
5.468870569288023944e+03 5.122474671268443901e-15
5.471870569288023944e+03 5.140400011327948397e-15
5.474870569288023944e+03 5.153244656994665609e-15
5.477870569288023944e+03 5.201352903747977037e-15
5.480870569288023944e+03 5.245763396977675520e-15
5.483870569288023944e+03 5.270044438142081037e-15
5.486870569288023944e+03 5.252404990894245427e-15
5.489870569288023944e+03 5.272257907677793655e-15
5.492870569288023944e+03 5.290782878230110718e-15
5.495870569288023944e+03 5.301506191304364479e-15
5.498870569288023944e+03 5.289247364636487562e-15
5.501870569288023944e+03 5.287883093504351756e-15
5.504870569288023944e+03 5.293048922294593331e-15
5.507870569288023944e+03 5.301314021182195057e-15
5.510870569288023944e+03 5.335513080222015469e-15
5.513870569288023944e+03 5.353012094862447313e-15
5.516870569288023944e+03 5.341660818678475716e-15
5.519870569288023944e+03 5.295064091772342230e-15
5.522870569288023944e+03 5.271491835903059229e-15
5.525870569288023944e+03 5.259559889049977805e-15
5.528870569288023944e+03 5.236129076695295529e-15
5.531870569288023944e+03 5.216930100151061472e-15
5.534870569288023944e+03 5.200123421425374582e-15
5.537870569288023944e+03 5.185393322381540927e-15
5.540870569288023944e+03 5.152366964625548532e-15
5.543870569288023944e+03 5.121208108479483020e-15
5.546870569288023944e+03 5.095024805199819681e-15
5.549870569288023944e+03 5.086342880540537754e-15
5.552870569288023944e+03 5.051985891973149607e-15
5.555870569288023944e+03 5.017104470049972169e-15
5.558870569288023944e+03 4.999803691560926801e-15
5.561870569288023944e+03 4.972728778975729658e-15
5.564870569288023944e+03 4.950670950754691657e-15
5.567870569288023944e+03 4.933705748503755128e-15
5.570870569288023944e+03 4.910565399516106881e-15
5.573870569288023944e+03 4.883786308636779231e-15
5.576870569288023944e+03 4.857811950221897490e-15
5.579870569288023944e+03 4.838375024715864580e-15
5.582870569288023944e+03 4.837864003926906352e-15
5.585870569288023944e+03 4.841255272598394389e-15
5.588870569288023944e+03 4.844747476103853998e-15
5.591870569288023944e+03 4.825581337477066204e-15
5.594870569288023944e+03 4.801484808137272996e-15
5.597870569288023944e+03 4.778974408787544873e-15
5.600870569288023944e+03 4.772112324693868847e-15
5.603870569288023944e+03 4.777823482710002430e-15
5.606870569288023944e+03 4.780501333634170995e-15
5.609870569288023944e+03 4.774245993876104894e-15
5.612870569288023944e+03 4.750073624679681877e-15
5.615870569288023944e+03 4.727926391548917493e-15
5.618870569288023944e+03 4.707749345159877008e-15
5.621870569288023944e+03 4.689364731397842666e-15
5.624870569288023944e+03 4.709251431142953243e-15
5.627870569288023944e+03 4.723551944996231270e-15
5.630870569288023944e+03 4.704368337463413680e-15
5.633870569288023944e+03 4.699683635923136877e-15
5.636870569288023944e+03 4.695619781014021930e-15
5.639870569288023944e+03 4.690123797947566824e-15
5.642870569288023944e+03 4.676136421472911529e-15
5.645870569288023944e+03 4.670369942674514778e-15
5.648870569288023944e+03 4.667246239523558924e-15
5.651870569288023944e+03 4.662200950878420022e-15
5.654870569288023944e+03 4.661415410688341054e-15
5.657870569288023944e+03 4.652850146102033002e-15
5.660870569288023944e+03 4.633016346225565982e-15
5.663870569288023944e+03 4.583500450548593939e-15
5.666870569288023944e+03 4.550456397611565095e-15
5.669870569288023944e+03 4.538889095602453119e-15
5.672870569288023944e+03 4.567218750442479496e-15
5.675870569288023944e+03 4.558220072078924714e-15
5.678870569288023944e+03 4.544556605669430177e-15
5.681870569288023944e+03 4.534797638788473613e-15
5.684870569288023944e+03 4.505555264872954597e-15
5.687870569288023944e+03 4.487376503877233795e-15
5.690870569288023944e+03 4.481634413129041441e-15
5.693870569288023944e+03 4.497567680377896575e-15
5.696870569288023944e+03 4.483176071695986582e-15
5.699870569288023944e+03 4.465446920902844776e-15
5.702870569288023944e+03 4.456952319497675022e-15
5.705870569288023944e+03 4.450177820747585793e-15
5.708870569288023944e+03 4.436597337405345010e-15
5.711870569288023944e+03 4.414959200774987606e-15
5.714870569288023944e+03 4.378432684846656428e-15
5.717870569288023944e+03 4.370039368530461415e-15
5.720870569288023944e+03 4.358524186145314516e-15
5.723870569288023944e+03 4.316738434617636256e-15
5.726870569288023944e+03 4.267950422381837100e-15
5.729870569288023944e+03 4.229786021687362802e-15
5.732870569288023944e+03 4.204035460820100194e-15
5.735870569288023944e+03 4.186001695570427165e-15
5.738870569288023944e+03 4.165058445541195029e-15
5.741870569288023944e+03 4.143494447676609582e-15
5.744870569288023944e+03 4.124214298978913463e-15
5.747870569288023944e+03 4.130934073983297439e-15
5.750870569288023944e+03 4.139403254887048902e-15
5.753870569288023944e+03 4.144679002438718833e-15
5.756870569288023944e+03 4.164609289032600714e-15
5.759870569288023944e+03 4.172836137021493230e-15
5.762870569288023944e+03 4.178139174545346168e-15
5.765870569288023944e+03 4.199900377973984511e-15
5.768870569288023944e+03 4.224941092008675911e-15
5.771870569288023944e+03 4.231727627363648419e-15
5.774870569288023944e+03 4.208175633712931303e-15
5.777870569288023944e+03 4.206082480726997891e-15
5.780870569288023944e+03 4.228130446514285812e-15
5.783870569288023944e+03 4.266906243634810366e-15
5.786870569288023944e+03 4.297755556317183001e-15
5.789870569288023944e+03 4.290503254107026818e-15
5.792870569288023944e+03 4.267703657129251979e-15
5.795870569288023944e+03 4.240060718427589179e-15
5.798870569288023944e+03 4.229875014636740721e-15
5.801870569288023944e+03 4.213738491549780346e-15
5.804870569288023944e+03 4.189862869642637415e-15
5.807870569288023944e+03 4.160073969434695813e-15
5.810870569288023944e+03 4.129133708895226559e-15
5.813870569288023944e+03 4.109111952408598898e-15
5.816870569288023944e+03 4.118487891714118207e-15
5.819870569288023944e+03 4.141040805421604924e-15
5.822870569288023944e+03 4.163492004300381913e-15
5.825870569288023944e+03 4.184041604512198147e-15
5.828870569288023944e+03 4.215519403048494222e-15
5.831870569288023944e+03 4.237278100059080598e-15
5.834870569288023944e+03 4.254653656991312072e-15
5.837870569288023944e+03 4.275919624737766403e-15
5.840870569288023944e+03 4.336828666076936491e-15
5.843870569288023944e+03 4.379075963800697222e-15
5.846870569288023944e+03 4.380919308006520415e-15
5.849870569288023944e+03 4.376118602405032641e-15
5.852870569288023944e+03 4.371285057763661554e-15
5.855870569288023944e+03 4.366451513122291256e-15
5.858870569288023944e+03 4.361617968480920170e-15
5.861870569288023944e+03 4.356784423839549872e-15
5.864870569288023944e+03 4.351950879198178785e-15
5.867870569288023944e+03 4.347117334556808487e-15
5.870870569288023944e+03 4.342283789915437400e-15
5.873870569288023944e+03 4.337450245274066313e-15
5.876870569288023944e+03 4.332616700632696015e-15
5.879870569288023944e+03 4.327783155991324929e-15
5.882870569288023944e+03 4.322949611349954631e-15
5.885870569288023944e+03 4.318116066708583544e-15
5.888870569288023944e+03 4.313282522067213246e-15
5.891870569288023944e+03 4.308448977425842159e-15
5.894870569288023944e+03 4.303615432784471072e-15
5.897870569288023944e+03 4.298781888143100774e-15
5.900870569288023944e+03 4.293948343501729688e-15
5.903870569288023944e+03 4.289114798860359390e-15
5.906870569288023944e+03 4.284281254218988303e-15
5.909870569288023944e+03 4.279447709577618005e-15
5.912870569288023944e+03 4.274614164936246918e-15
5.915870569288023944e+03 4.269780620294875831e-15
5.918870569288023944e+03 4.265343803996942956e-15
5.921870569288023944e+03 4.287751003831631646e-15
5.924870569288023944e+03 4.308736854241577740e-15
5.927870569288023944e+03 4.321202349066073549e-15
5.930870569288023944e+03 4.302005057844589006e-15
5.933870569288023944e+03 4.290862509070878062e-15
5.936870569288023944e+03 4.288241713611820292e-15
5.939870569288023944e+03 4.296228096231139269e-15
5.942870569288023944e+03 4.301715599014481611e-15
5.945870569288023944e+03 4.315206871539002875e-15
5.948870569288023944e+03 4.336465607539060881e-15
5.951870569288023944e+03 4.364834892522794013e-15
5.954870569288023944e+03 4.371789091045002615e-15
5.957870569288023944e+03 4.362724093925612540e-15
5.960870569288023944e+03 4.336403106122079155e-15
5.963870569288023944e+03 4.300619869080574806e-15
5.966870569288023944e+03 4.289170080382701889e-15
5.969870569288023944e+03 4.303331446118537111e-15
5.972870569288023944e+03 4.318493300869030361e-15
5.975870569288023944e+03 4.326213212015051267e-15
5.978870569288023944e+03 4.326847961856548705e-15
5.981870569288023944e+03 4.317746017725494242e-15
5.984870569288023944e+03 4.297757363328336222e-15
5.987870569288023944e+03 4.279156110421481094e-15
5.990870569288023944e+03 4.264429914232247997e-15
5.993870569288023944e+03 4.245215777404407763e-15
5.996870569288023944e+03 4.229569315156304053e-15
5.999870569288023944e+03 4.218497510754101988e-15
6.002870569288023944e+03 4.216376145930920552e-15
6.005870569288023944e+03 4.210504763674151235e-15
6.008870569288023944e+03 4.204006791673620512e-15
6.011870569288023944e+03 4.197972041072867676e-15
6.014870569288023944e+03 4.203706633957415830e-15
6.017870569288023944e+03 4.202625464613534917e-15
6.020870569288023944e+03 4.195034562165943654e-15
6.023870569288023944e+03 4.181115293314276473e-15
6.026870569288023944e+03 4.185422653329418605e-15
6.029870569288023944e+03 4.192920866949738501e-15
6.032870569288023944e+03 4.194723928232761984e-15
6.035870569288023944e+03 4.185163521522957220e-15
6.038870569288023944e+03 4.172862081627734949e-15
6.041870569288023944e+03 4.157715008518923268e-15
6.044870569288023944e+03 4.133251043250952264e-15
6.047870569288023944e+03 4.127260583529857350e-15
6.050870569288023944e+03 4.127699570835270064e-15
6.053870569288023944e+03 4.124033583702943290e-15
6.056870569288023944e+03 4.105934236755023101e-15
6.059870569288023944e+03 4.091972877804237602e-15
6.062870569288023944e+03 4.087067924318240321e-15
6.065870569288023944e+03 4.115644749465110388e-15
6.068870569288023944e+03 4.127769512326122541e-15
6.071870569288023944e+03 4.130982825821801577e-15
6.074870569288023944e+03 4.134944743101233917e-15
6.077870569288023944e+03 4.139085750689876955e-15
6.080870569288023944e+03 4.149877731938042619e-15
6.083870569288023944e+03 4.170147195283196964e-15
6.086870569288023944e+03 4.199207449698281527e-15
6.089870569288023944e+03 4.217910404173892106e-15
6.092870569288023944e+03 4.227269932369754500e-15
6.095870569288023944e+03 4.226825022186688710e-15
6.098870569288023944e+03 4.221811092413162256e-15
6.101870569288023944e+03 4.224541652968314287e-15
6.104870569288023944e+03 4.243630369869035506e-15
6.107870569288023944e+03 4.238356483371173758e-15
6.110870569288023944e+03 4.236477613001659329e-15
6.113870569288023944e+03 4.235632394245005803e-15
6.116870569288023944e+03 4.213541867743441183e-15
6.119870569288023944e+03 4.210055090606038956e-15
6.122870569288023944e+03 4.211065463030432873e-15
6.125870569288023944e+03 4.205461874312663090e-15
6.128870569288023944e+03 4.209279798435739778e-15
6.131870569288023944e+03 4.219686963428431596e-15
6.134870569288023944e+03 4.231877986089867366e-15
6.137870569288023944e+03 4.192496404408986242e-15
6.140870569288023944e+03 4.161316366348477456e-15
6.143870569288023944e+03 4.137599674622993988e-15
6.146870569288023944e+03 4.123640032646887954e-15
6.149870569288023944e+03 4.097423358988239756e-15
6.152870569288023944e+03 4.066645618485432740e-15
6.155870569288023944e+03 4.033166776717924293e-15
6.158870569288023944e+03 4.012984623956811854e-15
6.161870569288023944e+03 4.002839198596630969e-15
6.164870569288023944e+03 4.000502914135434965e-15
6.167870569288023944e+03 4.003705303302861794e-15
6.170870569288023944e+03 4.014012119186175920e-15
6.173870569288023944e+03 4.031942299398814012e-15
6.176870569288023944e+03 4.059295115398204762e-15
6.179870569288023944e+03 4.073167827567920012e-15
6.182870569288023944e+03 4.085393327315067043e-15
6.185870569288023944e+03 4.102855732809269914e-15
6.188870569288023944e+03 4.156599857081991443e-15
6.191870569288023944e+03 4.188588729149626010e-15
6.194870569288023944e+03 4.202259115869799547e-15
6.197870569288023944e+03 4.194112251979276680e-15
6.200870569288023944e+03 4.225484489039653517e-15
6.203870569288023944e+03 4.241638992857025644e-15
6.206870569288023944e+03 4.238230485114489113e-15
6.209870569288023944e+03 4.226497820517124302e-15
6.212870569288023944e+03 4.210570190196189775e-15
6.215870569288023944e+03 4.197649366851057379e-15
6.218870569288023944e+03 4.198064570586487503e-15
6.221870569288023944e+03 4.190221364024688890e-15
6.224870569288023944e+03 4.174427118730678625e-15
6.227870569288023944e+03 4.151522023077187526e-15
6.230870569288023944e+03 4.152316933812325093e-15
6.233870569288023944e+03 4.140700367770955525e-15
6.236870569288023944e+03 4.121488497696064000e-15
6.239870569288023944e+03 4.101316899764053990e-15
6.242870569288023944e+03 4.052730886252529408e-15
6.245870569288023944e+03 3.998196429064586900e-15
6.248870569288023944e+03 3.944913049306805721e-15
6.251870569288023944e+03 3.895237766222234436e-15
6.254870569288023944e+03 3.837037138232729358e-15
6.257870569288023944e+03 3.773941261376289843e-15
6.260870569288023944e+03 3.718054911867786402e-15
6.263870569288023944e+03 3.669041911674974761e-15
6.266870569288023944e+03 3.614278992967643662e-15
6.269870569288023944e+03 3.544273614467344593e-15
6.272870569288023944e+03 3.496366478958866009e-15
6.275870569288023944e+03 3.457168270269591285e-15
6.278870569288023944e+03 3.427823790540839745e-15
6.281870569288023944e+03 3.424988241100153294e-15
6.284870569288023944e+03 3.429220419659721359e-15
6.287870569288023944e+03 3.421733204267814316e-15
6.290870569288023944e+03 3.378314293071624666e-15
6.293870569288023944e+03 3.394881546140171603e-15
6.296870569288023944e+03 3.422536978235000586e-15
6.299870569288023944e+03 3.451698993205386646e-15
6.302870569288023944e+03 3.452252682812340353e-15
6.305870569288023944e+03 3.476177294043996537e-15
6.308870569288023944e+03 3.512998504168766184e-15
6.311870569288023944e+03 3.550512204445222307e-15
6.314870569288023944e+03 3.573608248048858675e-15
6.317870569288023944e+03 3.588439998591111373e-15
6.320870569288023944e+03 3.596153372959739117e-15
6.323870569288023944e+03 3.644720846634476837e-15
6.326870569288023944e+03 3.679752760657215190e-15
6.329870569288023944e+03 3.702227318856436367e-15
6.332870569288023944e+03 3.709897308371299913e-15
6.335870569288023944e+03 3.712426658118402725e-15
6.338870569288023944e+03 3.708350008624333469e-15
6.341870569288023944e+03 3.695328154285753083e-15
6.344870569288023944e+03 3.701968841485673471e-15
6.347870569288023944e+03 3.711349454114287435e-15
6.350870569288023944e+03 3.717831821618059005e-15
6.353870569288023944e+03 3.695321964985036003e-15
6.356870569288023944e+03 3.687942416601133711e-15
6.359870569288023944e+03 3.683194665633965452e-15
6.362870569288023944e+03 3.671269827213530514e-15
6.365870569288023944e+03 3.644908268934255833e-15
6.368870569288023944e+03 3.631589315087250812e-15
6.371870569288023944e+03 3.630810994790757153e-15
6.374870569288023944e+03 3.597412216813037254e-15
6.377870569288023944e+03 3.557398314808810970e-15
6.380870569288023944e+03 3.519539796225665052e-15
6.383870569288023944e+03 3.497418294862162978e-15
6.386870569288023944e+03 3.465970403435444790e-15
6.389870569288023944e+03 3.415332251894766400e-15
6.392870569288023944e+03 3.341998612324795300e-15
6.395870569288023944e+03 3.266787600265092385e-15
6.398870569288023944e+03 3.169629191883048000e-15
6.401870569288023944e+03 3.064286413609416306e-15
6.404870569288023944e+03 2.980694104019997678e-15
6.407870569288023944e+03 2.867969682306925501e-15
6.410870569288023944e+03 2.752910448922995339e-15
6.413870569288023944e+03 2.646316990889393069e-15
6.416870569288023944e+03 2.566196869420655364e-15
6.419870569288023944e+03 2.485693620703123663e-15
6.422870569288023944e+03 2.407409358846073518e-15
6.425870569288023944e+03 2.346617749646364570e-15
6.428870569288023944e+03 2.304479376478969482e-15
6.431870569288023944e+03 2.270306536924747480e-15
6.434870569288023944e+03 2.239025878560677496e-15
6.437870569288023944e+03 2.214781331320519457e-15
6.440870569288023944e+03 2.209935450923243562e-15
6.443870569288023944e+03 2.225349656070603587e-15
6.446870569288023944e+03 2.260182368289757391e-15
6.449870569288023944e+03 2.314484973498833180e-15
6.452870569288023944e+03 2.395145392671248213e-15
6.455870569288023944e+03 2.521563398836223163e-15
6.458870569288023944e+03 2.678490517937212519e-15
6.461870569288023944e+03 2.861509879804045620e-15
6.464870569288023944e+03 3.073363257344437531e-15
6.467870569288023944e+03 3.355102016488231122e-15
6.470870569288023944e+03 3.643857988333820433e-15
6.473870569288023944e+03 3.942565163047318964e-15
6.476870569288023944e+03 4.261777828079582810e-15
6.479870569288023944e+03 4.540487484885410269e-15
6.482870569288023944e+03 4.821664809291836667e-15
6.485870569288023944e+03 5.120360720454247517e-15
6.488870569288023944e+03 5.410748146901238550e-15
6.491870569288023944e+03 5.683859130852601050e-15
6.494870569288023944e+03 5.933622637587633262e-15
6.497870569288023944e+03 6.130128977654413079e-15
6.500870569288023944e+03 6.335364942370162134e-15
6.503870569288023944e+03 6.533524898294146291e-15
6.506870569288023944e+03 6.713352766090881443e-15
6.509870569288023944e+03 6.868186262826883023e-15
6.512870569288023944e+03 7.024929403077441502e-15
6.515870569288023944e+03 7.183026867746603107e-15
6.518870569288023944e+03 7.327462205481667966e-15
6.521870569288023944e+03 7.434501127527618618e-15
6.524870569288023944e+03 7.511869251348201607e-15
6.527870569288023944e+03 7.555595704854242103e-15
6.530870569288023944e+03 7.599213747756225568e-15
6.533870569288023944e+03 7.640914180992161980e-15
6.536870569288023944e+03 7.676060656983475786e-15
6.539870569288023944e+03 7.646397006275367509e-15
6.542870569288023944e+03 7.624154613803349090e-15
6.545870569288023944e+03 7.622405225998888824e-15
6.548870569288023944e+03 7.672245328943691614e-15
6.551870569288023944e+03 7.638890224306635169e-15
6.554870569288023944e+03 7.574654006507336682e-15
6.557870569288023944e+03 7.491244656247025573e-15
6.560870569288023944e+03 7.425224904072359816e-15
6.563870569288023944e+03 7.382896359057645681e-15
6.566870569288023944e+03 7.343084325856158045e-15
6.569870569288023944e+03 7.246778103474425974e-15
6.572870569288023944e+03 7.089328022652194468e-15
6.575870569288023944e+03 6.928075914092486826e-15
6.578870569288023944e+03 6.789969276862592402e-15
6.581870569288023944e+03 6.707517847589799757e-15
6.584870569288023944e+03 6.598547207563814130e-15
6.587870569288023944e+03 6.471276816148202324e-15
6.590870569288023944e+03 6.379586715829933534e-15
6.593870569288023944e+03 6.274330055137339427e-15
6.596870569288023944e+03 6.164036197973857866e-15
6.599870569288023944e+03 6.053911649770489098e-15
6.602870569288023944e+03 5.923928963242641338e-15
6.605870569288023944e+03 5.786313093328570369e-15
6.608870569288023944e+03 5.645289894167754006e-15
6.611870569288023944e+03 5.529082964981982183e-15
6.614870569288023944e+03 5.421721529621486978e-15
6.617870569288023944e+03 5.325605052931614868e-15
6.620870569288023944e+03 5.249014056608443733e-15
6.623870569288023944e+03 5.143376069978272686e-15
6.626870569288023944e+03 5.038193813763888126e-15
6.629870569288023944e+03 4.940628727246544326e-15
6.632870569288023944e+03 4.863430138048265232e-15
6.635870569288023944e+03 4.803492079330335881e-15
6.638870569288023944e+03 4.747600237490078922e-15
6.641870569288023944e+03 4.667041742504639572e-15
6.644870569288023944e+03 4.592911026106216228e-15
6.647870569288023944e+03 4.527145418601878397e-15
6.650870569288023944e+03 4.472013416938800845e-15
6.653870569288023944e+03 4.412417807980696356e-15
6.656870569288023944e+03 4.337780392497525720e-15
6.659870569288023944e+03 4.258339674922118669e-15
6.662870569288023944e+03 4.214578951404774445e-15
6.665870569288023944e+03 4.151009093941625302e-15
6.668870569288023944e+03 4.079298598863569443e-15
6.671870569288023944e+03 4.004840803484628635e-15
6.674870569288023944e+03 3.945252992999332995e-15
6.677870569288023944e+03 3.869367539487993428e-15
6.680870569288023944e+03 3.780302413375520702e-15
6.683870569288023944e+03 3.720710851706746630e-15
6.686870569288023944e+03 3.685492193133190110e-15
6.689870569288023944e+03 3.655538869542740367e-15
6.692870569288023944e+03 3.611443599013429559e-15
6.695870569288023944e+03 3.579683497871799988e-15
6.698870569288023944e+03 3.557296351908788891e-15
6.701870569288023944e+03 3.543492908817197526e-15
6.704870569288023944e+03 3.524846391984923856e-15
6.707870569288023944e+03 3.491454537787079831e-15
6.710870569288023944e+03 3.449307368851875780e-15
6.713870569288023944e+03 3.405669164649347119e-15
6.716870569288023944e+03 3.401778866906009073e-15
6.719870569288023944e+03 3.395285527722949065e-15
6.722870569288023944e+03 3.372179156122886361e-15
6.725870569288023944e+03 3.336871164625899590e-15
6.728870569288023944e+03 3.320062757016104488e-15
6.731870569288023944e+03 3.315577006959677094e-15
6.734870569288023944e+03 3.307566382873644444e-15
6.737870569288023944e+03 3.288954126896071731e-15
6.740870569288023944e+03 3.268998989565799375e-15
6.743870569288023944e+03 3.252523046485503270e-15
6.746870569288023944e+03 3.243083059433491448e-15
6.749870569288023944e+03 3.234769387615955863e-15
6.752870569288023944e+03 3.227906145413710144e-15
6.755870569288023944e+03 3.226982788133209300e-15
6.758870569288023944e+03 3.219863252258403094e-15
6.761870569288023944e+03 3.204411431778661326e-15
6.764870569288023944e+03 3.175456888942261278e-15
6.767870569288023944e+03 3.163828236332839960e-15
6.770870569288023944e+03 3.157535190225088943e-15
6.773870569288023944e+03 3.153294647510369931e-15
6.776870569288023944e+03 3.130007256641647404e-15
6.779870569288023944e+03 3.117282391510219776e-15
6.782870569288023944e+03 3.112460833613282656e-15
6.785870569288023944e+03 3.115014883376187821e-15
6.788870569288023944e+03 3.122261611325609045e-15
6.791870569288023944e+03 3.126548077326862626e-15
6.794870569288023944e+03 3.125436083865149114e-15
6.797870569288023944e+03 3.111884040509636542e-15
6.800870569288023944e+03 3.094757754963632952e-15
6.803870569288023944e+03 3.078412156826237321e-15
6.806870569288023944e+03 3.074866931547803046e-15
6.809870569288023944e+03 3.068276873035252778e-15
6.812870569288023944e+03 3.059161870395587173e-15
6.815870569288023944e+03 3.047219686164091963e-15
6.818870569288023944e+03 3.070300553545451438e-15
6.821870569288023944e+03 3.075462210516352140e-15
6.824870569288023944e+03 3.065040473799264282e-15
6.827870569288023944e+03 3.054560581666710422e-15
6.830870569288023944e+03 3.056935118176941681e-15
6.833870569288023944e+03 3.058925624792695823e-15
6.836870569288023944e+03 3.050121881552272770e-15
6.839870569288023944e+03 3.041318138311850112e-15
6.842870569288023944e+03 3.032514395071427059e-15
6.845870569288023944e+03 3.023710651831004007e-15
6.848870569288023944e+03 3.014906908590580954e-15
6.851870569288023944e+03 3.006103165350157901e-15
6.854870569288023944e+03 2.997299422109735243e-15
6.857870569288023944e+03 2.988495678869312190e-15
6.860870569288023944e+03 2.979691935628889138e-15
6.863870569288023944e+03 2.970888192388466085e-15
6.866870569288023944e+03 2.962084449148043033e-15
6.869870569288023944e+03 2.953280705907620374e-15
6.872870569288023944e+03 2.944476962667197322e-15
6.875870569288023944e+03 2.935673219426774269e-15
6.878870569288023944e+03 2.926869476186351216e-15
6.881870569288023944e+03 2.918065732945928164e-15
6.884870569288023944e+03 2.909261989705505505e-15
6.887870569288023944e+03 2.900458246465082453e-15
6.890870569288023944e+03 2.891654503224659400e-15
6.893870569288023944e+03 2.882850759984236347e-15
6.896870569288023944e+03 2.874047016743813295e-15
6.899870569288023944e+03 2.865243273503390637e-15
6.902870569288023944e+03 2.856439530262967584e-15
6.905870569288023944e+03 2.847635787022544531e-15
6.908870569288023944e+03 2.838832043782121479e-15
6.911870569288023944e+03 2.830028300541698426e-15
6.914870569288023944e+03 2.821224557301275768e-15
6.917870569288023944e+03 2.812420814060852715e-15
6.920870569288023944e+03 2.803617070820429662e-15
6.923870569288023944e+03 2.794813327580006610e-15
6.926870569288023944e+03 2.786009584339583952e-15
6.929870569288023944e+03 2.777205841099160899e-15
6.932870569288023944e+03 2.768402097858737846e-15
6.935870569288023944e+03 2.759598354618314794e-15
6.938870569288023944e+03 2.752166945698935957e-15
6.941870569288023944e+03 2.768109084687331920e-15
6.944870569288023944e+03 2.770973928334998444e-15
6.947870569288023944e+03 2.772768341425966856e-15
6.950870569288023944e+03 2.794612064022104641e-15
6.953870569288023944e+03 2.788056049221495368e-15
6.956870569288023944e+03 2.760783207494080467e-15
6.959870569288023944e+03 2.712794152576104263e-15
6.962870569288023944e+03 2.700664218550740655e-15
6.965870569288023944e+03 2.692198270040305428e-15
6.968870569288023944e+03 2.683014952636826428e-15
6.971870569288023944e+03 2.659159969079258915e-15
6.974870569288023944e+03 2.642627472873584972e-15
6.977870569288023944e+03 2.632833585022262417e-15
6.980870569288023944e+03 2.631146072379655014e-15
6.983870569288023944e+03 2.634877474301619461e-15
6.986870569288023944e+03 2.631932790596766613e-15
6.989870569288023944e+03 2.622455278380325069e-15
6.992870569288023944e+03 2.609117525142338251e-15
6.995870569288023944e+03 2.603388699208866509e-15
6.998870569288023944e+03 2.605625532285507650e-15
7.001870569288023944e+03 2.619088789822297590e-15
7.004870569288023944e+03 2.631635186437848865e-15
7.007870569288023944e+03 2.638732626220214097e-15
7.010870569288023944e+03 2.641458427748758234e-15
7.013870569288023944e+03 2.660094866712114632e-15
7.016870569288023944e+03 2.665932379009108542e-15
7.019870569288023944e+03 2.664124361504945047e-15
7.022870569288023944e+03 2.658850322632818288e-15
7.025870569288023944e+03 2.686120064516659737e-15
7.028870569288023944e+03 2.698905385243005399e-15
7.031870569288023944e+03 2.684904194417974813e-15
7.034870569288023944e+03 2.678549564920892820e-15
7.037870569288023944e+03 2.679135976199770978e-15
7.040870569288023944e+03 2.685545606029854783e-15
7.043870569288023944e+03 2.697567266884476162e-15
7.046870569288023944e+03 2.688208568097296895e-15
7.049870569288023944e+03 2.680985553288800377e-15
7.052870569288023944e+03 2.686554676456369945e-15
7.055870569288023944e+03 2.697582074969652487e-15
7.058870569288023944e+03 2.701561926165066808e-15
7.061870569288023944e+03 2.701951826080789258e-15
7.064870569288023944e+03 2.714644478550759425e-15
7.067870569288023944e+03 2.715817397750554941e-15
7.070870569288023944e+03 2.710878923402248006e-15
7.073870569288023944e+03 2.701814106082106208e-15
7.076870569288023944e+03 2.693243324732848853e-15
7.079870569288023944e+03 2.683728757043926530e-15
7.082870569288023944e+03 2.675630567981742711e-15
7.085870569288023944e+03 2.690415393621737019e-15
7.088870569288023944e+03 2.689430402947311672e-15
7.091870569288023944e+03 2.686097682702041504e-15
7.094870569288023944e+03 2.695919720557116334e-15
7.097870569288023944e+03 2.708529929789899784e-15
7.100870569288023944e+03 2.713063276242184709e-15
7.103870569288023944e+03 2.707450887240271968e-15
7.106870569288023944e+03 2.706185577500576567e-15
7.109870569288023944e+03 2.696829076315833648e-15
7.112870569288023944e+03 2.684763824265060072e-15
7.115870569288023944e+03 2.679887731817756665e-15
7.118870569288023944e+03 2.680151481583611944e-15
7.121870569288023944e+03 2.674531190283114959e-15
7.124870569288023944e+03 2.658219160924947483e-15
7.127870569288023944e+03 2.648288501952724749e-15
7.130870569288023944e+03 2.636451389932992401e-15
7.133870569288023944e+03 2.624724931501766812e-15
7.136870569288023944e+03 2.620781535199925830e-15
7.139870569288023944e+03 2.609649517012968520e-15
7.142870569288023944e+03 2.586368066709668077e-15
7.145870569288023944e+03 2.544478786754945037e-15
7.148870569288023944e+03 2.542435790413125984e-15
7.151870569288023944e+03 2.548021263235841668e-15
7.154870569288023944e+03 2.554284608768481356e-15
7.157870569288023944e+03 2.531514749317348490e-15
7.160870569288023944e+03 2.511213710773702705e-15
7.163870569288023944e+03 2.505912460767158631e-15
7.166870569288023944e+03 2.534346276678826300e-15
7.169870569288023944e+03 2.564627574783362295e-15
7.172870569288023944e+03 2.557851915417196969e-15
7.175870569288023944e+03 2.511349438310734615e-15
7.178870569288023944e+03 2.497263745049829969e-15
7.181870569288023944e+03 2.524392211199666514e-15
7.184870569288023944e+03 2.561034713595907721e-15
7.187870569288023944e+03 2.557494478809093425e-15
7.190870569288023944e+03 2.545659230717854129e-15
7.193870569288023944e+03 2.539579610375957906e-15
7.196870569288023944e+03 2.543904497162148386e-15
7.199870569288023944e+03 2.551042192990332010e-15
7.202870569288023944e+03 2.567211057685930931e-15
7.205870569288023944e+03 2.584556890437327232e-15
7.208870569288023944e+03 2.580452250920606930e-15
7.211870569288023944e+03 2.584221088471783761e-15
7.214870569288023944e+03 2.600562546397039268e-15
7.217870569288023944e+03 2.634801106097549215e-15
7.220870569288023944e+03 2.629031706896904531e-15
7.223870569288023944e+03 2.618283477403206553e-15
7.226870569288023944e+03 2.605214259785723297e-15
7.229870569288023944e+03 2.593823187675319829e-15
7.232870569288023944e+03 2.589849364788608335e-15
7.235870569288023944e+03 2.583008237291308091e-15
7.238870569288023944e+03 2.563579319907093347e-15
7.241870569288023944e+03 2.539566119093751736e-15
7.244870569288023944e+03 2.530738112235710420e-15
7.247870569288023944e+03 2.535567137321604257e-15
7.250870569288023944e+03 2.510502749227447185e-15
7.253870569288023944e+03 2.498414006541554090e-15
7.256870569288023944e+03 2.497961126639747835e-15
7.259870569288023944e+03 2.512482558035577477e-15
7.262870569288023944e+03 2.532597843945065154e-15
7.265870569288023944e+03 2.528825332914365921e-15
7.268870569288023944e+03 2.493257615648196598e-15
7.271870569288023944e+03 2.463457578983408008e-15
7.274870569288023944e+03 2.452432436252024661e-15
7.277870569288023944e+03 2.445613668053971304e-15
7.280870569288023944e+03 2.410000552485031377e-15
7.283870569288023944e+03 2.389043550461517172e-15
7.286870569288023944e+03 2.378378509337115918e-15
7.289870569288023944e+03 2.378141732089560511e-15
7.292870569288023944e+03 2.352842984728195651e-15
7.295870569288023944e+03 2.342832782411717926e-15
7.298870569288023944e+03 2.346816912671430425e-15
7.301870569288023944e+03 2.359859951380204116e-15
7.304870569288023944e+03 2.336450504385897660e-15
7.307870569288023944e+03 2.303399400038142240e-15
7.310870569288023944e+03 2.276428222390833207e-15
7.313870569288023944e+03 2.275575147683434099e-15
7.316870569288023944e+03 2.274108751195332942e-15
7.319870569288023944e+03 2.274309134571677154e-15
7.322870569288023944e+03 2.314244017395568600e-15
7.325870569288023944e+03 2.311380135252488024e-15
7.328870569288023944e+03 2.289094300410049408e-15
7.331870569288023944e+03 2.266504113118366861e-15
7.334870569288023944e+03 2.274656685924040083e-15
7.337870569288023944e+03 2.268265504310251280e-15
7.340870569288023944e+03 2.239117168379319293e-15
7.343870569288023944e+03 2.211090137474533378e-15
7.346870569288023944e+03 2.202155851807799237e-15
7.349870569288023944e+03 2.204992995542886004e-15
7.352870569288023944e+03 2.210740373474186852e-15
7.355870569288023944e+03 2.208634916861718501e-15
7.358870569288023944e+03 2.210231250324286317e-15
7.361870569288023944e+03 2.219914484451412515e-15
7.364870569288023944e+03 2.238574071596638758e-15
7.367870569288023944e+03 2.243382365798616894e-15
7.370870569288023944e+03 2.237918803100168636e-15
7.373870569288023944e+03 2.230910070254026015e-15
7.376870569288023944e+03 2.234604844021090255e-15
7.379870569288023944e+03 2.234095989649825125e-15
7.382870569288023944e+03 2.219630938967046960e-15
7.385870569288023944e+03 2.220675811986821912e-15
7.388870569288023944e+03 2.235257246303195121e-15
7.391870569288023944e+03 2.257528416573824949e-15
7.394870569288023944e+03 2.254322208607250603e-15
7.397870569288023944e+03 2.270868079223014715e-15
7.400870569288023944e+03 2.291980052835075189e-15
7.403870569288023944e+03 2.304717923470628348e-15
7.406870569288023944e+03 2.294939879904250229e-15
7.409870569288023944e+03 2.297545036920506858e-15
7.412870569288023944e+03 2.315112482965327957e-15
7.415870569288023944e+03 2.307807036753628390e-15
7.418870569288023944e+03 2.302251443655034385e-15
7.421870569288023944e+03 2.300805107152026850e-15
7.424870569288023944e+03 2.309192519559029021e-15
7.427870569288023944e+03 2.316290227792033126e-15
7.430870569288023944e+03 2.321314659063101650e-15
7.433870569288023944e+03 2.323830878520275989e-15
7.436870569288023944e+03 2.323591899015214848e-15
7.439870569288023944e+03 2.318733321412882526e-15
7.442870569288023944e+03 2.315586496876825980e-15
7.445870569288023944e+03 2.332493787689040923e-15
7.448870569288023944e+03 2.364908126498007758e-15
7.451870569288023944e+03 2.377289731669963780e-15
7.454870569288023944e+03 2.348272521006079805e-15
7.457870569288023944e+03 2.354951358096408317e-15
7.460870569288023944e+03 2.368367218725848011e-15
7.463870569288023944e+03 2.384936347802802211e-15
7.466870569288023944e+03 2.394352021162175501e-15
7.469870569288023944e+03 2.385235754095239707e-15
7.472870569288023944e+03 2.381008224021274804e-15
7.475870569288023944e+03 2.402164385649192656e-15
7.478870569288023944e+03 2.398768863831318281e-15
7.481870569288023944e+03 2.397201261272684438e-15
7.484870569288023944e+03 2.400972684866887564e-15
7.487870569288023944e+03 2.414616061132563753e-15
7.490870569288023944e+03 2.425726353893556258e-15
7.493870569288023944e+03 2.436534092320940236e-15
7.496870569288023944e+03 2.449892778992911325e-15
7.499870569288023944e+03 2.456010030829455925e-15
7.502870569288023944e+03 2.458276356927744962e-15
7.505870569288023944e+03 2.457010691370274601e-15
7.508870569288023944e+03 2.448268447997375347e-15
7.511870569288023944e+03 2.444525660826254783e-15
7.514870569288023944e+03 2.446941410427821378e-15
7.517870569288023944e+03 2.460999726829930507e-15
7.520870569288023944e+03 2.452126124543850034e-15
7.523870569288023944e+03 2.442901349208400633e-15
7.526870569288023944e+03 2.442052652346427150e-15
7.529870569288023944e+03 2.447484598798045025e-15
7.532870569288023944e+03 2.446729745959434985e-15
7.535870569288023944e+03 2.439230673236340789e-15
7.538870569288023944e+03 2.421330464362135116e-15
7.541870569288023944e+03 2.398333314428156562e-15
7.544870569288023944e+03 2.383786312365329119e-15
7.547870569288023944e+03 2.389250705828860288e-15
7.550870569288023944e+03 2.387948307810890072e-15
7.553870569288023944e+03 2.386108024623608030e-15
7.556870569288023944e+03 2.384267741436325593e-15
7.559870569288023944e+03 2.382427458249043551e-15
7.562870569288023944e+03 2.380587175061761509e-15
7.565870569288023944e+03 2.378746891874479072e-15
7.568870569288023944e+03 2.376906608687197030e-15
7.571870569288023944e+03 2.375066325499914593e-15
7.574870569288023944e+03 2.373226042312632551e-15
7.577870569288023944e+03 2.371385759125350509e-15
7.580870569288023944e+03 2.369545475938068072e-15
7.583870569288023944e+03 2.367705192750786030e-15
7.586870569288023944e+03 2.365864909563503987e-15
7.589870569288023944e+03 2.364024626376221551e-15
7.592870569288023944e+03 2.362184343188939508e-15
7.595870569288023944e+03 2.360344060001657072e-15
7.598870569288023944e+03 2.358503776814375029e-15
7.601870569288023944e+03 2.356663493627092987e-15
7.604870569288023944e+03 2.354823210439810550e-15
7.607870569288023944e+03 2.352982927252528508e-15
7.610870569288023944e+03 2.351142644065246466e-15
7.613870569288023944e+03 2.349302360877964029e-15
7.616870569288023944e+03 2.347462077690681987e-15
7.619870569288023944e+03 2.345621794503399550e-15
7.622870569288023944e+03 2.343781511316117508e-15
7.625870569288023944e+03 2.341941228128835466e-15
7.628870569288023944e+03 2.340100944941553029e-15
7.631870569288023944e+03 2.338260661754270987e-15
7.634870569288023944e+03 2.336420378566988944e-15
7.637870569288023944e+03 2.334580095379706508e-15
7.640870569288023944e+03 2.332739812192424465e-15
7.643870569288023944e+03 2.330899529005142029e-15
7.646870569288023944e+03 2.329059245817859986e-15
7.649870569288023944e+03 2.327218962630577944e-15
7.652870569288023944e+03 2.325378679443295507e-15
7.655870569288023944e+03 2.323538396256013465e-15
7.658870569288023944e+03 2.321698113068731028e-15
7.661870569288023944e+03 2.319857829881448986e-15
7.664870569288023944e+03 2.318017546694166944e-15
7.667870569288023944e+03 2.316177263506884507e-15
7.670870569288023944e+03 2.314336980319602465e-15
7.673870569288023944e+03 2.312496697132320422e-15
7.676870569288023944e+03 2.310656413945037986e-15
7.679870569288023944e+03 2.308816130757755943e-15
7.682870569288023944e+03 2.306975847570473507e-15
7.685870569288023944e+03 2.305135564383191464e-15
7.688870569288023944e+03 2.303295281195909422e-15
7.691870569288023944e+03 2.301454998008626985e-15
7.694870569288023944e+03 2.299614714821344943e-15
7.697870569288023944e+03 2.297774431634062901e-15
7.700870569288023944e+03 2.295934148446780464e-15
7.703870569288023944e+03 2.294093865259498422e-15
7.706870569288023944e+03 2.292253582072215985e-15
7.709870569288023944e+03 2.290413298884933943e-15
7.712870569288023944e+03 2.288573015697651901e-15
7.715870569288023944e+03 2.286732732510369464e-15
7.718870569288023944e+03 2.284892449323087422e-15
7.721870569288023944e+03 2.283052166135805379e-15
7.724870569288023944e+03 2.281211882948522943e-15
7.727870569288023944e+03 2.279371599761240900e-15
7.730870569288023944e+03 2.277531316573958464e-15
7.733870569288023944e+03 2.275691033386676421e-15
7.736870569288023944e+03 2.273850750199394379e-15
7.739870569288023944e+03 2.272010467012111942e-15
7.742870569288023944e+03 2.270170183824829900e-15
7.745870569288023944e+03 2.268329900637547463e-15
7.748870569288023944e+03 2.266489617450265421e-15
7.751870569288023944e+03 2.264649334262983379e-15
7.754870569288023944e+03 2.262809051075700942e-15
7.757870569288023944e+03 2.260968767888418900e-15
7.760870569288023944e+03 2.259128484701136857e-15
7.763870569288023944e+03 2.257288201513854421e-15
7.766870569288023944e+03 2.255447918326572378e-15
7.769870569288023944e+03 2.253310406356353489e-15
7.772870569288023944e+03 2.248874369701503513e-15
7.775870569288023944e+03 2.233811994664781782e-15
7.778870569288023944e+03 2.221851800721314370e-15
7.781870569288023944e+03 2.212490512220093703e-15
7.784870569288023944e+03 2.206166640690911130e-15
7.787870569288023944e+03 2.193895794304878628e-15
7.790870569288023944e+03 2.184066350810349353e-15
7.793870569288023944e+03 2.174225984630542284e-15
7.796870569288023944e+03 2.143007649554903099e-15
7.799870569288023944e+03 2.132822103241499501e-15
7.802870569288023944e+03 2.140672873487675162e-15
7.805870569288023944e+03 2.170679470373153788e-15
