3.692626087824351089e+03 7.421380535289185176e-15
3.695626087824351089e+03 7.765603794732781173e-15
3.698626087824351089e+03 7.971405959200060954e-15
3.701626087824351089e+03 8.346512575479615937e-15
3.704626087824351089e+03 8.650553562668692255e-15
3.707626087824351089e+03 8.559724725596206990e-15
3.710626087824351089e+03 8.198168284216359744e-15
3.713626087824351089e+03 7.921556744437020615e-15
3.716626087824351089e+03 7.715238454041630829e-15
3.719626087824351089e+03 7.848973397824920762e-15
3.722626087824351089e+03 7.720517390391843728e-15
3.725626087824351089e+03 7.528069975607000143e-15
3.728626087824351089e+03 7.582377334603216816e-15
3.731626087824351089e+03 8.055475791830324209e-15
3.734626087824351089e+03 8.210676761746197380e-15
3.737626087824351089e+03 8.549061396179118153e-15
3.740626087824351089e+03 8.886959938567498372e-15
3.743626087824351089e+03 8.982473041875589026e-15
3.746626087824351089e+03 9.047611784805517370e-15
3.749626087824351089e+03 9.195934281862307660e-15
3.752626087824351089e+03 9.102695606987091892e-15
3.755626087824351089e+03 9.084573484587903978e-15
3.758626087824351089e+03 9.503697935951703654e-15
3.761626087824351089e+03 9.590449915692031665e-15
3.764626087824351089e+03 9.798133779527172386e-15
3.767626087824351089e+03 9.372515523992120851e-15
3.770626087824351089e+03 9.310138851830545879e-15
3.773626087824351089e+03 9.390921575093075008e-15
3.776626087824351089e+03 9.202425617243363360e-15
3.779626087824351089e+03 9.035975499961592508e-15
3.782626087824351089e+03 8.863402233341495687e-15
3.785626087824351089e+03 8.652140141722559224e-15
3.788626087824351089e+03 8.245237729317917988e-15
3.791626087824351089e+03 7.991844826474713173e-15
3.794626087824351089e+03 7.883465243460325302e-15
3.797626087824351089e+03 7.780079268567803435e-15
3.800626087824351089e+03 7.506771953546051199e-15
3.803626087824351089e+03 7.539191622755984029e-15
3.806626087824351089e+03 7.693281894059075015e-15
3.809626087824351089e+03 7.776708907630219542e-15
3.812626087824351089e+03 7.751469758329142665e-15
3.815626087824351089e+03 8.096986782338347454e-15
3.818626087824351089e+03 7.733429443485321607e-15
3.821626087824351089e+03 7.611016601609091840e-15
3.824626087824351089e+03 7.467869575775653478e-15
3.827626087824351089e+03 7.540649815358228841e-15
3.830626087824351089e+03 7.208521572784888388e-15
3.833626087824351089e+03 7.048515513661238769e-15
3.836626087824351089e+03 6.934534426970229303e-15
3.839626087824351089e+03 6.952740199127155594e-15
3.842626087824351089e+03 6.548812457277856731e-15
3.845626087824351089e+03 6.303028666112276159e-15
3.848626087824351089e+03 6.264586233313047170e-15
3.851626087824351089e+03 6.060472692676799068e-15
3.854626087824351089e+03 5.696223544646987356e-15
3.857626087824351089e+03 5.279524557886366535e-15
3.860626087824351089e+03 5.262793193523254641e-15
3.863626087824351089e+03 5.029030038019127261e-15
3.866626087824351089e+03 5.119608090325833404e-15
3.869626087824351089e+03 5.027574291858357286e-15
3.872626087824351089e+03 4.872968378867705615e-15
3.875626087824351089e+03 5.011246860692536357e-15
3.878626087824351089e+03 5.102209457543750454e-15
3.881626087824351089e+03 5.098761262360574569e-15
3.884626087824351089e+03 5.231378450212802035e-15
3.887626087824351089e+03 5.232524652196760709e-15
3.890626087824351089e+03 5.186300898542954699e-15
3.893626087824351089e+03 5.493004577615536847e-15
3.896626087824351089e+03 5.550638029364883513e-15
3.899626087824351089e+03 5.889992808615203958e-15
3.902626087824351089e+03 5.947422153494687260e-15
3.905626087824351089e+03 6.071470246661176179e-15
3.908626087824351089e+03 6.493966152248819187e-15
3.911626087824351089e+03 6.830474797050456826e-15
3.914626087824351089e+03 7.123220675832343398e-15
3.917626087824351089e+03 7.692982515538176848e-15
3.920626087824351089e+03 8.260083324627073207e-15
3.923626087824351089e+03 8.763675415948941771e-15
3.926626087824351089e+03 9.195612717475724630e-15
3.929626087824351089e+03 9.417343137049238498e-15
3.932626087824351089e+03 9.791135468728521102e-15
3.935626087824351089e+03 1.059682335132118689e-14
3.938626087824351089e+03 1.086794388634018686e-14
3.941626087824351089e+03 1.106343440412367808e-14
3.944626087824351089e+03 1.124768415657684363e-14
3.947626087824351089e+03 1.150516581848599045e-14
3.950626087824351089e+03 1.142948464715859209e-14
3.953626087824351089e+03 1.136236400859923110e-14
3.956626087824351089e+03 1.149945232776568628e-14
3.959626087824351089e+03 1.129420050696448010e-14
3.962626087824351089e+03 1.122508943998585301e-14
3.965626087824351089e+03 1.096309495962867481e-14
3.968626087824351089e+03 1.088946158249667117e-14
3.971626087824351089e+03 1.123362115225308564e-14
3.974626087824351089e+03 1.087707645180082063e-14
3.977626087824351089e+03 1.080541818659620551e-14
3.980626087824351089e+03 1.069214430310498043e-14
3.983626087824351089e+03 1.058573785114130296e-14
3.986626087824351089e+03 1.030728569863668455e-14
3.989626087824351089e+03 1.010350541444236212e-14
3.992626087824351089e+03 9.910094571096100966e-15
3.995626087824351089e+03 9.550164224538807251e-15
3.998626087824351089e+03 9.408615384463702650e-15
4.001626087824351089e+03 9.356420677804743443e-15
4.004626087824351089e+03 9.057187834116461935e-15
4.007626087824351089e+03 8.843356169131309617e-15
4.010626087824351089e+03 8.624211479679512143e-15
4.013626087824351089e+03 8.330721388698521851e-15
4.016626087824351089e+03 8.207500768414133210e-15
4.019626087824351089e+03 8.006121894610159607e-15
4.022626087824351089e+03 7.669582409490921076e-15
4.025626087824351089e+03 7.647184202830876052e-15
4.028626087824351089e+03 7.400121147320468889e-15
4.031626087824351089e+03 7.239918852487625260e-15
4.034626087824351089e+03 6.986527110376272531e-15
4.037626087824351089e+03 6.897316269244184980e-15
4.040626087824351089e+03 6.994203137830072580e-15
4.043626087824351089e+03 6.951616365779924498e-15
4.046626087824351089e+03 7.265689937726083145e-15
4.049626087824351089e+03 7.568719102218726335e-15
4.052626087824351089e+03 7.788497300057419547e-15
4.055626087824351089e+03 7.991526313787377005e-15
4.058626087824351089e+03 8.214881900803960035e-15
4.061626087824351089e+03 8.118845851954196740e-15
4.064626087824351089e+03 8.488983869001562648e-15
4.067626087824351089e+03 8.562172549074597120e-15
4.070626087824351089e+03 8.897356946165611841e-15
4.073626087824351089e+03 8.865676365293419172e-15
4.076626087824351089e+03 8.838547213293571320e-15
4.079626087824351089e+03 8.988174909081956984e-15
4.082626087824351089e+03 9.137158946085225442e-15
4.085626087824351089e+03 9.008065440641819296e-15
4.088626087824351089e+03 9.002970673712875923e-15
4.091626087824351089e+03 8.954144612930303456e-15
4.094626087824351089e+03 9.006299566765270841e-15
4.097626087824351089e+03 8.880272896897173899e-15
4.100626087824351089e+03 8.831340938807395621e-15
4.103626087824351089e+03 8.560850683435869610e-15
4.106626087824351089e+03 8.458942839653987099e-15
4.109626087824351089e+03 8.476521390522778592e-15
4.112626087824351089e+03 8.312227462295064035e-15
4.115626087824351089e+03 8.386547502458220966e-15
4.118626087824351089e+03 8.290547739825675349e-15
4.121626087824351089e+03 8.255146199111159592e-15
4.124626087824351089e+03 8.342389497768891079e-15
4.127626087824351089e+03 8.406354367464536974e-15
4.130626087824351089e+03 8.570375690672045030e-15
4.133626087824351089e+03 8.586628635243306701e-15
4.136626087824351089e+03 8.667054521754697496e-15
4.139626087824351089e+03 8.486594147210862123e-15
4.142626087824351089e+03 8.535397740104390975e-15
4.145626087824351089e+03 8.386855595994578448e-15
4.148626087824351089e+03 8.364924379228175584e-15
4.151626087824351089e+03 8.266800376002530270e-15
4.154626087824351089e+03 8.009228916479490861e-15
4.157626087824351089e+03 7.970225251501622183e-15
4.160626087824351089e+03 7.562879751636867825e-15
4.163626087824351089e+03 7.659509313464246989e-15
4.166626087824351089e+03 7.445554269832013336e-15
4.169626087824351089e+03 7.573419326266195937e-15
4.172626087824351089e+03 7.528596386079336808e-15
4.175626087824351089e+03 7.642120040157536720e-15
4.178626087824351089e+03 7.789835723557146153e-15
4.181626087824351089e+03 7.872258428472740967e-15
4.184626087824351089e+03 7.930735921457555329e-15
4.187626087824351089e+03 8.059225380115498557e-15
4.190626087824351089e+03 8.088476292879395866e-15
4.193626087824351089e+03 8.068250710465311158e-15
4.196626087824351089e+03 8.000970741090176770e-15
4.199626087824351089e+03 8.157776730748182109e-15
4.202626087824351089e+03 8.139457288494535114e-15
4.205626087824351089e+03 8.091865578823628815e-15
4.208626087824351089e+03 7.954135006376968960e-15
4.211626087824351089e+03 7.838090441753133955e-15
4.214626087824351089e+03 7.777784540462251104e-15
4.217626087824351089e+03 7.618000272430198319e-15
4.220626087824351089e+03 7.516363882787276533e-15
4.223626087824351089e+03 7.304757392379380874e-15
4.226626087824351089e+03 7.135121792792904783e-15
4.229626087824351089e+03 7.077990024330238611e-15
4.232626087824351089e+03 7.035707994418917622e-15
4.235626087824351089e+03 6.737807720604786663e-15
4.238626087824351089e+03 6.666638236456077207e-15
4.241626087824351089e+03 6.687339612127007618e-15
4.244626087824351089e+03 6.622095512904087376e-15
4.247626087824351089e+03 6.449517091703302609e-15
4.250626087824351089e+03 6.356162981130412218e-15
4.253626087824351089e+03 6.327219352768263206e-15
4.256626087824351089e+03 6.156227712417336318e-15
4.259626087824351089e+03 5.889433615701548274e-15
4.262626087824351089e+03 5.730695999338987164e-15
4.265626087824351089e+03 5.643853677628666490e-15
4.268626087824351089e+03 5.627236485980854807e-15
4.271626087824351089e+03 5.793577688414471804e-15
4.274626087824351089e+03 5.898552846592892248e-15
4.277626087824351089e+03 5.967201719016210873e-15
4.280626087824351089e+03 6.328563691971608499e-15
4.283626087824351089e+03 6.584813625293009704e-15
4.286626087824351089e+03 6.768892844965714241e-15
4.289626087824351089e+03 7.138716079031412206e-15
4.292626087824351089e+03 7.547821729300966027e-15
4.295626087824351089e+03 7.888898153518357106e-15
4.298626087824351089e+03 8.165149009262321123e-15
4.301626087824351089e+03 8.376835256351827470e-15
4.304626087824351089e+03 8.416831722678643100e-15
4.307626087824351089e+03 8.712053481935113073e-15
4.310626087824351089e+03 8.904528415107920755e-15
4.313626087824351089e+03 8.958376834424980367e-15
4.316626087824351089e+03 9.058911373620426700e-15
4.319626087824351089e+03 9.060391656460941394e-15
4.322626087824351089e+03 9.113483404772014573e-15
4.325626087824351089e+03 9.150006241268800371e-15
4.328626087824351089e+03 9.115102217347413930e-15
4.331626087824351089e+03 9.077476936120065633e-15
4.334626087824351089e+03 9.170540646399661702e-15
4.337626087824351089e+03 9.294735758257936391e-15
4.340626087824351089e+03 9.114792850167658409e-15
4.343626087824351089e+03 9.182865861995796018e-15
4.346626087824351089e+03 8.989940362390057080e-15
4.349626087824351089e+03 8.968498090634705690e-15
4.352626087824351089e+03 8.863370103045946845e-15
4.355626087824351089e+03 8.944344029422010856e-15
4.358626087824351089e+03 8.679492913307118324e-15
4.361626087824351089e+03 8.597975231482029243e-15
4.364626087824351089e+03 8.459672318925920163e-15
4.367626087824351089e+03 8.909550213718219111e-15
4.370626087824351089e+03 8.712893708701536120e-15
4.373626087824351089e+03 8.584276322221146547e-15
4.376626087824351089e+03 8.650702710935861426e-15
4.379626087824351089e+03 8.565180219655182623e-15
4.382626087824351089e+03 8.400851032239480498e-15
4.385626087824351089e+03 8.381789705845698453e-15
4.388626087824351089e+03 8.390956546966870058e-15
4.391626087824351089e+03 8.238118182653422968e-15
4.394626087824351089e+03 8.067579574124896200e-15
4.397626087824351089e+03 7.861400662239185807e-15
4.400626087824351089e+03 7.551911648434312834e-15
4.403626087824351089e+03 7.240405020612633083e-15
4.406626087824351089e+03 7.130305562116105675e-15
4.409626087824351089e+03 6.880391947091877102e-15
4.412626087824351089e+03 6.659209913859201823e-15
4.415626087824351089e+03 6.428262474520680622e-15
4.418626087824351089e+03 6.331126413569899157e-15
4.421626087824351089e+03 6.170559556977080187e-15
4.424626087824351089e+03 5.993194366187029641e-15
4.427626087824351089e+03 5.954072831741436892e-15
4.430626087824351089e+03 5.954251147477957116e-15
4.433626087824351089e+03 5.821046995117130011e-15
4.436626087824351089e+03 5.922507406031966284e-15
4.439626087824351089e+03 5.852030640782534674e-15
4.442626087824351089e+03 5.785492692556960463e-15
4.445626087824351089e+03 5.754929238198412831e-15
4.448626087824351089e+03 5.722982436121597027e-15
4.451626087824351089e+03 5.898597680287803738e-15
4.454626087824351089e+03 5.926087976515850257e-15
4.457626087824351089e+03 5.933127634686737679e-15
4.460626087824351089e+03 5.834398491134836937e-15
4.463626087824351089e+03 5.950243729550534220e-15
4.466626087824351089e+03 5.965799205650161186e-15
4.469626087824351089e+03 5.912940890861018832e-15
4.472626087824351089e+03 6.000817854718012150e-15
4.475626087824351089e+03 6.049051024966479490e-15
4.478626087824351089e+03 6.011489779280357131e-15
4.481626087824351089e+03 6.001247407698271035e-15
4.484626087824351089e+03 6.041888923882819372e-15
4.487626087824351089e+03 6.198952090110722840e-15
4.490626087824351089e+03 6.203283150143602977e-15
4.493626087824351089e+03 6.194365543539023024e-15
4.496626087824351089e+03 6.262612640367326506e-15
4.499626087824351089e+03 6.440308625961948992e-15
4.502626087824351089e+03 6.406079551856574121e-15
4.505626087824351089e+03 6.487037129452331264e-15
4.508626087824351089e+03 6.547371080797306779e-15
4.511626087824351089e+03 6.731092604111710880e-15
4.514626087824351089e+03 6.799717757295804921e-15
4.517626087824351089e+03 6.845373157199382528e-15
4.520626087824351089e+03 7.168915055561589927e-15
4.523626087824351089e+03 7.322214212595634343e-15
4.526626087824351089e+03 7.544628059547520471e-15
4.529626087824351089e+03 7.575951365785615653e-15
4.532626087824351089e+03 7.712045566475956747e-15
4.535626087824351089e+03 7.863315149240934600e-15
4.538626087824351089e+03 7.990314910384599045e-15
4.541626087824351089e+03 8.027230602513735223e-15
4.544626087824351089e+03 7.952501817602635355e-15
4.547626087824351089e+03 7.970260052831149465e-15
4.550626087824351089e+03 8.081609870574200033e-15
4.553626087824351089e+03 7.972273266043572925e-15
4.556626087824351089e+03 7.927476208963675676e-15
4.559626087824351089e+03 7.968224410810946574e-15
4.562626087824351089e+03 8.076751220118856018e-15
4.565626087824351089e+03 8.066646047436680265e-15
4.568626087824351089e+03 8.032932144348672027e-15
4.571626087824351089e+03 8.197470461310974982e-15
4.574626087824351089e+03 8.230842631254170284e-15
4.577626087824351089e+03 8.223095314040707966e-15
4.580626087824351089e+03 8.222134740728979349e-15
4.583626087824351089e+03 8.291912676843787817e-15
4.586626087824351089e+03 8.231354364855324424e-15
4.589626087824351089e+03 8.335528402730318071e-15
4.592626087824351089e+03 8.210967809524879909e-15
4.595626087824351089e+03 8.289602694206183422e-15
4.598626087824351089e+03 8.148815717557890688e-15
4.601626087824351089e+03 8.197962249102470336e-15
4.604626087824351089e+03 8.145764560065452602e-15
4.607626087824351089e+03 7.987369257949480318e-15
4.610626087824351089e+03 7.994189029867738809e-15
4.613626087824351089e+03 8.080986120706520688e-15
4.616626087824351089e+03 7.888331353737789306e-15
4.619626087824351089e+03 7.886050279042967727e-15
4.622626087824351089e+03 7.815528701753575127e-15
4.625626087824351089e+03 7.771874828180127599e-15
4.628626087824351089e+03 7.688520702893105972e-15
4.631626087824351089e+03 7.589885949847406590e-15
4.634626087824351089e+03 7.603282490951331059e-15
4.637626087824351089e+03 7.505019898014653092e-15
4.640626087824351089e+03 7.450704516770678109e-15
4.643626087824351089e+03 7.342694046450046513e-15
4.646626087824351089e+03 7.214150419463726651e-15
4.649626087824351089e+03 7.191438634608203763e-15
4.652626087824351089e+03 7.130384164252830149e-15
4.655626087824351089e+03 7.052807677000981915e-15
4.658626087824351089e+03 6.843945833058686154e-15
4.661626087824351089e+03 6.855897606685511443e-15
4.664626087824351089e+03 6.868612327561090350e-15
4.667626087824351089e+03 6.829227783702101691e-15
4.670626087824351089e+03 6.772558781378861780e-15
4.673626087824351089e+03 6.762643378990774705e-15
4.676626087824351089e+03 6.714625753679703211e-15
4.679626087824351089e+03 6.668998638029093689e-15
4.682626087824351089e+03 6.694015045676871807e-15
4.685626087824351089e+03 6.709826058217142338e-15
4.688626087824351089e+03 6.674099725107060427e-15
4.691626087824351089e+03 6.476409267347257193e-15
4.694626087824351089e+03 6.591307525628596577e-15
4.697626087824351089e+03 6.445669674667513799e-15
4.700626087824351089e+03 6.499442653775581452e-15
4.703626087824351089e+03 6.399481724158373069e-15
4.706626087824351089e+03 6.354158869584839958e-15
4.709626087824351089e+03 6.265416223832901436e-15
4.712626087824351089e+03 6.218665655993790923e-15
4.715626087824351089e+03 6.074186955664179819e-15
4.718626087824351089e+03 6.082499426125068529e-15
4.721626087824351089e+03 5.973976858180502448e-15
4.724626087824351089e+03 5.954717760533339652e-15
4.727626087824351089e+03 5.771486500388928219e-15
4.730626087824351089e+03 5.677019617404021432e-15
4.733626087824351089e+03 5.503470009029792857e-15
4.736626087824351089e+03 5.277349175161743903e-15
4.739626087824351089e+03 5.134504160730025441e-15
4.742626087824351089e+03 5.111157719359186619e-15
4.745626087824351089e+03 4.900380798577067706e-15
4.748626087824351089e+03 4.774586932603065767e-15
4.751626087824351089e+03 4.683262297628940379e-15
4.754626087824351089e+03 4.549155515477611070e-15
4.757626087824351089e+03 4.416438286492342553e-15
4.760626087824351089e+03 4.245327883829812693e-15
4.763626087824351089e+03 4.057752931878465152e-15
4.766626087824351089e+03 4.062362870437302166e-15
4.769626087824351089e+03 3.893386239149422395e-15
4.772626087824351089e+03 3.929793217102645355e-15
4.775626087824351089e+03 3.908972774740701013e-15
4.778626087824351089e+03 4.058627123469574314e-15
4.781626087824351089e+03 4.289145667881315917e-15
4.784626087824351089e+03 4.497620239454768392e-15
4.787626087824351089e+03 4.862476590117047929e-15
4.790626087824351089e+03 5.147723215013189921e-15
4.793626087824351089e+03 5.627784587594550968e-15
4.796626087824351089e+03 6.083644341140461333e-15
4.799626087824351089e+03 6.449921493812587063e-15
4.802626087824351089e+03 6.879228238559123355e-15
4.805626087824351089e+03 7.248612177045725045e-15
4.808626087824351089e+03 7.527239211402415382e-15
4.811626087824351089e+03 7.592139153224912784e-15
4.814626087824351089e+03 7.869806503122550308e-15
4.817626087824351089e+03 7.968587322992078483e-15
4.820626087824351089e+03 7.889584164030029196e-15
4.823626087824351089e+03 7.952241336380348591e-15
4.826626087824351089e+03 7.920724302918990322e-15
4.829626087824351089e+03 7.758467226310561971e-15
4.832626087824351089e+03 7.682577501927731454e-15
4.835626087824351089e+03 7.556581421848219016e-15
4.838626087824351089e+03 7.510813907798481251e-15
4.841626087824351089e+03 7.272662983838897311e-15
4.844626087824351089e+03 7.258175293351818708e-15
4.847626087824351089e+03 7.281534927557244592e-15
4.850626087824351089e+03 7.257673148524656243e-15
4.853626087824351089e+03 7.205147178728004051e-15
4.856626087824351089e+03 7.359700399610028175e-15
4.859626087824351089e+03 7.522160423372921394e-15
4.862626087824351089e+03 7.608522080982469112e-15
4.865626087824351089e+03 7.633961310430133965e-15
4.868626087824351089e+03 7.648459390012939442e-15
4.871626087824351089e+03 7.800808213389696033e-15
4.874626087824351089e+03 7.925286150733800532e-15
4.877626087824351089e+03 7.955713355591414781e-15
4.880626087824351089e+03 8.147154621922587957e-15
4.883626087824351089e+03 8.015211406413714550e-15
4.886626087824351089e+03 8.039980260482557352e-15
4.889626087824351089e+03 8.043821671955350626e-15
4.892626087824351089e+03 8.098004240385566290e-15
4.895626087824351089e+03 7.959738493172627889e-15
4.898626087824351089e+03 7.899051698521897247e-15
4.901626087824351089e+03 7.728641688138841044e-15
4.904626087824351089e+03 7.716350450796186232e-15
4.907626087824351089e+03 7.426061807584755893e-15
4.910626087824351089e+03 7.289377926706552767e-15
4.913626087824351089e+03 6.994084121007083787e-15
4.916626087824351089e+03 6.799548053853517063e-15
4.919626087824351089e+03 6.570858947945511007e-15
4.922626087824351089e+03 6.394146126703509513e-15
4.925626087824351089e+03 6.043894149365093706e-15
4.928626087824351089e+03 5.895440176445879659e-15
4.931626087824351089e+03 5.778997822503124903e-15
4.934626087824351089e+03 5.587281248003095762e-15
4.937626087824351089e+03 5.485225694057981137e-15
4.940626087824351089e+03 5.413925320517230903e-15
4.943626087824351089e+03 5.428179331274071799e-15
4.946626087824351089e+03 5.475766305628543175e-15
4.949626087824351089e+03 5.614960803603739750e-15
4.952626087824351089e+03 5.786270561675982272e-15
4.955626087824351089e+03 5.890544670936375146e-15
4.958626087824351089e+03 6.046370643545387386e-15
4.961626087824351089e+03 6.249568644061443815e-15
4.964626087824351089e+03 6.280603823438585954e-15
4.967626087824351089e+03 6.497584131542433903e-15
4.970626087824351089e+03 6.493645091857160220e-15
4.973626087824351089e+03 6.352970298591604336e-15
4.976626087824351089e+03 6.658972366156735714e-15
4.979626087824351089e+03 6.840634095979445105e-15
4.982626087824351089e+03 6.862216624470847414e-15
4.985626087824351089e+03 6.995108449365220657e-15
4.988626087824351089e+03 7.092728818210963452e-15
4.991626087824351089e+03 7.141446501809796752e-15
4.994626087824351089e+03 7.227276980906293028e-15
4.997626087824351089e+03 7.266090655759844612e-15
5.000626087824351089e+03 7.269406835451161092e-15
5.003626087824351089e+03 7.267644152226802815e-15
5.006626087824351089e+03 7.296954502577524470e-15
5.009626087824351089e+03 7.277413549910472382e-15
5.012626087824351089e+03 7.219056382054625370e-15
5.015626087824351089e+03 7.338177766135529838e-15
5.018626087824351089e+03 7.162551210016800548e-15
5.021626087824351089e+03 7.125478709453934908e-15
5.024626087824351089e+03 6.985568719453983481e-15
5.027626087824351089e+03 6.950349294768700413e-15
5.030626087824351089e+03 6.821761312014258896e-15
5.033626087824351089e+03 6.746914871897279626e-15
5.036626087824351089e+03 6.798663638184389347e-15
5.039626087824351089e+03 6.597833255831659343e-15
5.042626087824351089e+03 6.466731279754554441e-15
5.045626087824351089e+03 6.309087273810879581e-15
5.048626087824351089e+03 6.111359854523386017e-15
5.051626087824351089e+03 5.958428794003573510e-15
5.054626087824351089e+03 5.717751862223521146e-15
5.057626087824351089e+03 5.547817846304337215e-15
5.060626087824351089e+03 5.359590589687753745e-15
5.063626087824351089e+03 5.107525196152631949e-15
5.066626087824351089e+03 4.892083154431856688e-15
5.069626087824351089e+03 4.662199557179982391e-15
5.072626087824351089e+03 4.506452288590636167e-15
5.075626087824351089e+03 4.326455474010150476e-15
5.078626087824351089e+03 4.166865872057056334e-15
5.081626087824351089e+03 4.104426178315119537e-15
5.084626087824351089e+03 4.072934043573527832e-15
5.087626087824351089e+03 3.978211203457553081e-15
5.090626087824351089e+03 4.130352220891121090e-15
5.093626087824351089e+03 4.183167551644668628e-15
5.096626087824351089e+03 4.317144761029785838e-15
5.099626087824351089e+03 4.356113978762389821e-15
5.102626087824351089e+03 4.614290840636419186e-15
5.105626087824351089e+03 4.783274813169749655e-15
5.108626087824351089e+03 5.000091183798622571e-15
5.111626087824351089e+03 5.189039212045707773e-15
5.114626087824351089e+03 5.346929201925007213e-15
5.117626087824351089e+03 5.391012544099860351e-15
5.120626087824351089e+03 5.545193751862721280e-15
5.123626087824351089e+03 5.733675892191149977e-15
5.126626087824351089e+03 5.826671552351873015e-15
5.129626087824351089e+03 5.910719230182857238e-15
5.132626087824351089e+03 6.067400823240780813e-15
5.135626087824351089e+03 6.123550964546991599e-15
5.138626087824351089e+03 6.230604904647677185e-15
5.141626087824351089e+03 6.236243622057775108e-15
5.144626087824351089e+03 6.331709762570895853e-15
5.147626087824351089e+03 6.407673109943947174e-15
5.150626087824351089e+03 6.398366313260820202e-15
5.153626087824351089e+03 6.423550130794144694e-15
5.156626087824351089e+03 6.393632241896442237e-15
5.159626087824351089e+03 6.456198918136968172e-15
5.162626087824351089e+03 6.449991335062490672e-15
5.165626087824351089e+03 6.400664462058118523e-15
5.168626087824351089e+03 6.432497271349423885e-15
5.171626087824351089e+03 6.416137792541588914e-15
5.174626087824351089e+03 6.350596706749682534e-15
5.177626087824351089e+03 6.231281522958117440e-15
5.180626087824351089e+03 6.281705059344530909e-15
5.183626087824351089e+03 6.261348899097776697e-15
5.186626087824351089e+03 6.264389560943338898e-15
5.189626087824351089e+03 6.145009469144458392e-15
5.192626087824351089e+03 6.118422980680921845e-15
5.195626087824351089e+03 6.094152030834837556e-15
5.198626087824351089e+03 5.967151045643277168e-15
5.201626087824351089e+03 5.946006016471839011e-15
5.204626087824351089e+03 5.971214958152907579e-15
5.207626087824351089e+03 5.928770816782056653e-15
5.210626087824351089e+03 5.909994888935071228e-15
5.213626087824351089e+03 5.904914292612938412e-15
5.216626087824351089e+03 5.867836519024646999e-15
5.219626087824351089e+03 5.830571871049786961e-15
5.222626087824351089e+03 5.679654741724677760e-15
5.225626087824351089e+03 5.727563873359824486e-15
5.228626087824351089e+03 5.687565854627737524e-15
5.231626087824351089e+03 5.671948059157419788e-15
5.234626087824351089e+03 5.641811622798349727e-15
5.237626087824351089e+03 5.771781602193889814e-15
5.240626087824351089e+03 5.709370989535630462e-15
5.243626087824351089e+03 5.863257944644895958e-15
5.246626087824351089e+03 5.917286432304221099e-15
5.249626087824351089e+03 6.006150863705549292e-15
5.252626087824351089e+03 6.075386201047143624e-15
5.255626087824351089e+03 6.142557851292904920e-15
5.258626087824351089e+03 6.193905859187677245e-15
5.261626087824351089e+03 6.262310618712528985e-15
5.264626087824351089e+03 6.376242024910174064e-15
5.267626087824351089e+03 6.370570407907048305e-15
5.270626087824351089e+03 6.407490763049266271e-15
5.273626087824351089e+03 6.355941931321581970e-15
5.276626087824351089e+03 6.378147137183515155e-15
5.279626087824351089e+03 6.381176722953458039e-15
5.282626087824351089e+03 6.427387937811184011e-15
5.285626087824351089e+03 6.450436288646215910e-15
5.288626087824351089e+03 6.405147425607493135e-15
5.291626087824351089e+03 6.437955586296190961e-15
5.294626087824351089e+03 6.496870946780451989e-15
5.297626087824351089e+03 6.457681391913019440e-15
5.300626087824351089e+03 6.387449009459312634e-15
5.303626087824351089e+03 6.497211333050249293e-15
5.306626087824351089e+03 6.428015447621829613e-15
5.309626087824351089e+03 6.286187736843838622e-15
5.312626087824351089e+03 6.319573107603374788e-15
5.315626087824351089e+03 6.402271937108285444e-15
5.318626087824351089e+03 6.290056527608543051e-15
5.321626087824351089e+03 6.203328427967619836e-15
5.324626087824351089e+03 6.194616658006728627e-15
5.327626087824351089e+03 6.079729546841389863e-15
5.330626087824351089e+03 6.074020596883934670e-15
5.333626087824351089e+03 6.018124680253121015e-15
5.336626087824351089e+03 6.065750551563972266e-15
5.339626087824351089e+03 5.991257360628169086e-15
5.342626087824351089e+03 5.969912185126972302e-15
5.345626087824351089e+03 5.903953510672179877e-15
5.348626087824351089e+03 5.866589666047323097e-15
5.351626087824351089e+03 5.862192338154733135e-15
5.354626087824351089e+03 5.806034679728412687e-15
5.357626087824351089e+03 5.826376704927614543e-15
5.360626087824351089e+03 5.788461405084841137e-15
5.363626087824351089e+03 5.776367338863847135e-15
5.366626087824351089e+03 5.728222980964534784e-15
5.369626087824351089e+03 5.652443750666601780e-15
5.372626087824351089e+03 5.687973494237465129e-15
5.375626087824351089e+03 5.582277274517024012e-15
5.378626087824351089e+03 5.573318645971999557e-15
5.381626087824351089e+03 5.546352511360082412e-15
5.384626087824351089e+03 5.481263222054440376e-15
5.387626087824351089e+03 5.476581557376979957e-15
5.390626087824351089e+03 5.466879945280250932e-15
5.393626087824351089e+03 5.466376077312757364e-15
5.396626087824351089e+03 5.351989717765109400e-15
5.399626087824351089e+03 5.338137383327794031e-15
5.402626087824351089e+03 5.387705695608720695e-15
5.405626087824351089e+03 5.361841176058970979e-15
5.408626087824351089e+03 5.277827688561884912e-15
5.411626087824351089e+03 5.188505902847525496e-15
5.414626087824351089e+03 5.164799972918371035e-15
5.417626087824351089e+03 5.150149745735703833e-15
5.420626087824351089e+03 5.159072388884007152e-15
5.423626087824351089e+03 5.127222147750166456e-15
5.426626087824351089e+03 5.090772370038557998e-15
5.429626087824351089e+03 5.174789968595918925e-15
5.432626087824351089e+03 5.074383395429640876e-15
5.435626087824351089e+03 5.020399294085814556e-15
5.438626087824351089e+03 4.969727849078574165e-15
5.441626087824351089e+03 4.993599824724513759e-15
5.444626087824351089e+03 5.020629278875361069e-15
5.447626087824351089e+03 4.934659378770814800e-15
5.450626087824351089e+03 4.942897202429863189e-15
5.453626087824351089e+03 4.988103317452083536e-15
5.456626087824351089e+03 5.026311480586672652e-15
5.459626087824351089e+03 4.879998956426212206e-15
5.462626087824351089e+03 4.982542618391646153e-15
5.465626087824351089e+03 5.008037097763467860e-15
5.468626087824351089e+03 4.949991196043378571e-15
5.471626087824351089e+03 4.942152135747265513e-15
5.474626087824351089e+03 5.065625754586540854e-15
5.477626087824351089e+03 5.004204976618128286e-15
5.480626087824351089e+03 4.962308026909241718e-15
5.483626087824351089e+03 5.014297102561808414e-15
5.486626087824351089e+03 4.942154323731394973e-15
5.489626087824351089e+03 4.944258469928615068e-15
5.492626087824351089e+03 4.938936257426208400e-15
5.495626087824351089e+03 5.042320734541290129e-15
5.498626087824351089e+03 4.930719706434186039e-15
5.501626087824351089e+03 5.002484150059248216e-15
5.504626087824351089e+03 5.054034494993571361e-15
5.507626087824351089e+03 4.939473957712827821e-15
5.510626087824351089e+03 4.918669493176447836e-15
5.513626087824351089e+03 4.966654131250022285e-15
5.516626087824351089e+03 4.923142402740988847e-15
5.519626087824351089e+03 4.896396691586289876e-15
5.522626087824351089e+03 4.908715405077224608e-15
5.525626087824351089e+03 4.905158295458890374e-15
5.528626087824351089e+03 4.848169799187244583e-15
5.531626087824351089e+03 4.840824333888329765e-15
5.534626087824351089e+03 4.901083436800245005e-15
5.537626087824351089e+03 4.834167769821691232e-15
5.540626087824351089e+03 4.831659613245922984e-15
5.543626087824351089e+03 4.892061283869725444e-15
5.546626087824351089e+03 4.738361563868557768e-15
5.549626087824351089e+03 4.684113467053775375e-15
5.552626087824351089e+03 4.757930955284886282e-15
5.555626087824351089e+03 4.810680722726150422e-15
5.558626087824351089e+03 4.749502576978781747e-15
5.561626087824351089e+03 4.781905289539363305e-15
5.564626087824351089e+03 4.725080670913472266e-15
5.567626087824351089e+03 4.633889055052630649e-15
5.570626087824351089e+03 4.656821302032207030e-15
5.573626087824351089e+03 4.580957358892059723e-15
5.576626087824351089e+03 4.579306273883431815e-15
5.579626087824351089e+03 4.555563487517991528e-15
5.582626087824351089e+03 4.589154526840932359e-15
5.585626087824351089e+03 4.583689494016534438e-15
5.588626087824351089e+03 4.589244663688164102e-15
5.591626087824351089e+03 4.589388291100847234e-15
5.594626087824351089e+03 4.589606370348862601e-15
5.597626087824351089e+03 4.580591708290219163e-15
5.600626087824351089e+03 4.560470449852355656e-15
5.603626087824351089e+03 4.531912726925295717e-15
5.606626087824351089e+03 4.466064532480703093e-15
5.609626087824351089e+03 4.513458322009954564e-15
5.612626087824351089e+03 4.521845016383649421e-15
5.615626087824351089e+03 4.520691034691495741e-15
5.618626087824351089e+03 4.463939621757830377e-15
5.621626087824351089e+03 4.494188175514677406e-15
5.624626087824351089e+03 4.485513084027590910e-15
5.627626087824351089e+03 4.517111680578330736e-15
5.630626087824351089e+03 4.448179140066032972e-15
5.633626087824351089e+03 4.506469241528331405e-15
5.636626087824351089e+03 4.478435845954493507e-15
5.639626087824351089e+03 4.437157911055194630e-15
5.642626087824351089e+03 4.427999852119947913e-15
5.645626087824351089e+03 4.430720882135429293e-15
5.648626087824351089e+03 4.384369059613323319e-15
5.651626087824351089e+03 4.427273824105059347e-15
5.654626087824351089e+03 4.496005980063071990e-15
5.657626087824351089e+03 4.412087516271552987e-15
5.660626087824351089e+03 4.371757203368578432e-15
5.663626087824351089e+03 4.418591573039650271e-15
5.666626087824351089e+03 4.391025700897548451e-15
5.669626087824351089e+03 4.332910583889683333e-15
5.672626087824351089e+03 4.340304890518086618e-15
5.675626087824351089e+03 4.297033886114842314e-15
5.678626087824351089e+03 4.304830950049243071e-15
5.681626087824351089e+03 4.312990184381655191e-15
5.684626087824351089e+03 4.322104980578378275e-15
5.687626087824351089e+03 4.290362983209826134e-15
5.690626087824351089e+03 4.316722740043870095e-15
5.693626087824351089e+03 4.269349222481858946e-15
5.696626087824351089e+03 4.272664446795268626e-15
5.699626087824351089e+03 4.255527448393619281e-15
5.702626087824351089e+03 4.267277997791437717e-15
5.705626087824351089e+03 4.243310856956130264e-15
5.708626087824351089e+03 4.200741312062357975e-15
5.711626087824351089e+03 4.203544069491193120e-15
5.714626087824351089e+03 4.110368114029587605e-15
5.717626087824351089e+03 4.104239739116841676e-15
5.720626087824351089e+03 4.108257437961048465e-15
5.723626087824351089e+03 4.045430637239842577e-15
5.726626087824351089e+03 4.059388923955952133e-15
5.729626087824351089e+03 4.003216477150255204e-15
5.732626087824351089e+03 4.030528676531809990e-15
5.735626087824351089e+03 3.993391748853507892e-15
5.738626087824351089e+03 3.944090418387842521e-15
5.741626087824351089e+03 4.016684409906081787e-15
5.744626087824351089e+03 4.013745105642044706e-15
5.747626087824351089e+03 4.041176764791859559e-15
5.750626087824351089e+03 4.024587853671278760e-15
5.753626087824351089e+03 4.034561198734184729e-15
5.756626087824351089e+03 4.007497141204702878e-15
5.759626087824351089e+03 4.034975795715983481e-15
5.762626087824351089e+03 4.035011552700577532e-15
5.765626087824351089e+03 4.013754677050403457e-15
5.768626087824351089e+03 4.007728437739384604e-15
5.771626087824351089e+03 4.007673451014179370e-15
5.774626087824351089e+03 4.047646695601603484e-15
5.777626087824351089e+03 4.017921071461767366e-15
5.780626087824351089e+03 4.108212605146943563e-15
5.783626087824351089e+03 4.068301666078588174e-15
5.786626087824351089e+03 4.074722076861763501e-15
5.789626087824351089e+03 4.054215002276070343e-15
5.792626087824351089e+03 4.018598983192580479e-15
5.795626087824351089e+03 4.038722411091508024e-15
5.798626087824351089e+03 3.999638801511039264e-15
5.801626087824351089e+03 3.995654819374188039e-15
5.804626087824351089e+03 3.993536347627470527e-15
5.807626087824351089e+03 4.030885063846811191e-15
5.810626087824351089e+03 4.036170439817867980e-15
5.813626087824351089e+03 4.066452273617757946e-15
5.816626087824351089e+03 4.086635237301396525e-15
5.819626087824351089e+03 4.126028240560565383e-15
5.822626087824351089e+03 4.119269513189838418e-15
5.825626087824351089e+03 4.061529630610073094e-15
5.828626087824351089e+03 4.130530362350549534e-15
5.831626087824351089e+03 4.119428085362855817e-15
5.834626087824351089e+03 4.133437996490069835e-15
5.837626087824351089e+03 4.245601285241841845e-15
5.840626087824351089e+03 4.208008686682113901e-15
5.843626087824351089e+03 4.213619264402553193e-15
5.846626087824351089e+03 4.217820188567899090e-15
5.849626087824351089e+03 4.236363753703204366e-15
5.852626087824351089e+03 4.232033606611928005e-15
5.855626087824351089e+03 4.227703459520651645e-15
5.858626087824351089e+03 4.223373312429375284e-15
5.861626087824351089e+03 4.219043165338098924e-15
5.864626087824351089e+03 4.214713018246822563e-15
5.867626087824351089e+03 4.210382871155546203e-15
5.870626087824351089e+03 4.206052724064269842e-15
5.873626087824351089e+03 4.201722576972993482e-15
5.876626087824351089e+03 4.197392429881717121e-15
5.879626087824351089e+03 4.193062282790440761e-15
5.882626087824351089e+03 4.188732135699164400e-15
5.885626087824351089e+03 4.184401988607888040e-15
5.888626087824351089e+03 4.180071841516611679e-15
5.891626087824351089e+03 4.175741694425335319e-15
5.894626087824351089e+03 4.171411547334058958e-15
5.897626087824351089e+03 4.167081400242782598e-15
5.900626087824351089e+03 4.162751253151506238e-15
5.903626087824351089e+03 4.158421106060229877e-15
5.906626087824351089e+03 4.154090958968952728e-15
5.909626087824351089e+03 4.149760811877676367e-15
5.912626087824351089e+03 4.145430664786400007e-15
5.915626087824351089e+03 4.141100517695123646e-15
5.918626087824351089e+03 4.136423961125139242e-15
5.921626087824351089e+03 4.145790924014801570e-15
5.924626087824351089e+03 4.129808456987891843e-15
5.927626087824351089e+03 4.098035304307732632e-15
5.930626087824351089e+03 4.028633866545622511e-15
5.933626087824351089e+03 4.072811229180654930e-15
5.936626087824351089e+03 4.154330285741725429e-15
5.939626087824351089e+03 4.123352436172037264e-15
5.942626087824351089e+03 4.149486695080126286e-15
5.945626087824351089e+03 4.112061990875325230e-15
5.948626087824351089e+03 4.115204766777216276e-15
5.951626087824351089e+03 4.068843322380418803e-15
5.954626087824351089e+03 3.975134938231280238e-15
5.957626087824351089e+03 4.106361702550822385e-15
5.960626087824351089e+03 4.069653387634524405e-15
5.963626087824351089e+03 4.066974725722863061e-15
5.966626087824351089e+03 4.071511645352918489e-15
5.969626087824351089e+03 4.054827215103259693e-15
5.972626087824351089e+03 4.085723648694019264e-15
5.975626087824351089e+03 3.993414505936444472e-15
5.978626087824351089e+03 4.032314806288028582e-15
5.981626087824351089e+03 4.052330961485638811e-15
5.984626087824351089e+03 4.038408169887656362e-15
5.987626087824351089e+03 4.052317912780019911e-15
5.990626087824351089e+03 4.011789744450147089e-15
5.993626087824351089e+03 4.000151028249142883e-15
5.996626087824351089e+03 4.016583343268894905e-15
5.999626087824351089e+03 3.974334885081477442e-15
6.002626087824351089e+03 3.959575375314810313e-15
6.005626087824351089e+03 3.978683007490334133e-15
6.008626087824351089e+03 3.950398926070442295e-15
6.011626087824351089e+03 3.959675218334433554e-15
6.014626087824351089e+03 3.943906307474533301e-15
6.017626087824351089e+03 3.903598009024617006e-15
6.020626087824351089e+03 3.963437257114992954e-15
6.023626087824351089e+03 3.885186622797408988e-15
6.026626087824351089e+03 3.859994144939485570e-15
6.029626087824351089e+03 3.885769104281524612e-15
6.032626087824351089e+03 3.937532494317549580e-15
6.035626087824351089e+03 3.948074733246357684e-15
6.038626087824351089e+03 3.890831799251265126e-15
6.041626087824351089e+03 3.853114492848572773e-15
6.044626087824351089e+03 3.907821705394841600e-15
6.047626087824351089e+03 3.853801860426153790e-15
6.050626087824351089e+03 3.820636587312531070e-15
6.053626087824351089e+03 3.826484270222125707e-15
6.056626087824351089e+03 3.886028431605634121e-15
6.059626087824351089e+03 3.860412833219198799e-15
6.062626087824351089e+03 3.858816768804566935e-15
6.065626087824351089e+03 3.913138616011691010e-15
6.068626087824351089e+03 3.929551753277779978e-15
6.071626087824351089e+03 3.831769032851407673e-15
6.074626087824351089e+03 3.958323892150688926e-15
6.077626087824351089e+03 3.960782090715738291e-15
6.080626087824351089e+03 3.902095555939383507e-15
6.083626087824351089e+03 3.920795502869521135e-15
6.086626087824351089e+03 3.926106874029927472e-15
6.089626087824351089e+03 3.949238872424655955e-15
6.092626087824351089e+03 3.944532686441507357e-15
6.095626087824351089e+03 3.903958293288134708e-15
6.098626087824351089e+03 3.965530371950665567e-15
6.101626087824351089e+03 4.026382412010200722e-15
6.104626087824351089e+03 3.965120724882199299e-15
6.107626087824351089e+03 3.916231024369878370e-15
6.110626087824351089e+03 3.947093312314408446e-15
6.113626087824351089e+03 3.966667121709493087e-15
6.116626087824351089e+03 3.978972298832156537e-15
6.119626087824351089e+03 3.946111771966350406e-15
6.122626087824351089e+03 3.949467858973432675e-15
6.125626087824351089e+03 3.899388075434284489e-15
6.128626087824351089e+03 3.908852628827042644e-15
6.131626087824351089e+03 3.837696228078882215e-15
6.134626087824351089e+03 3.887179080179890614e-15
6.137626087824351089e+03 3.852998202786183769e-15
6.140626087824351089e+03 3.806830489813197229e-15
6.143626087824351089e+03 3.836228717062759104e-15
6.146626087824351089e+03 3.842271957241323888e-15
6.149626087824351089e+03 3.784720005527170987e-15
6.152626087824351089e+03 3.815156810053937611e-15
6.155626087824351089e+03 3.847405629472761592e-15
6.158626087824351089e+03 3.881357337882065561e-15
6.161626087824351089e+03 3.838929443114467370e-15
6.164626087824351089e+03 3.834888688079412142e-15
6.167626087824351089e+03 3.826064885047709914e-15
6.170626087824351089e+03 3.879587754243661470e-15
6.173626087824351089e+03 3.901848849544838595e-15
6.176626087824351089e+03 3.937444441512217492e-15
6.179626087824351089e+03 3.949278059989563869e-15
6.182626087824351089e+03 3.964749427590849254e-15
6.185626087824351089e+03 3.976753308205751626e-15
6.188626087824351089e+03 3.940171653069947651e-15
6.191626087824351089e+03 4.019566121770969721e-15
6.194626087824351089e+03 3.965341221997159585e-15
6.197626087824351089e+03 3.995900457928493885e-15
6.200626087824351089e+03 4.024248623887197423e-15
6.203626087824351089e+03 3.964371813268243468e-15
6.206626087824351089e+03 3.991713679537985132e-15
6.209626087824351089e+03 3.958733342447280551e-15
6.212626087824351089e+03 3.948553556127974842e-15
6.215626087824351089e+03 3.916435485466465502e-15
6.218626087824351089e+03 3.969849939653670755e-15
6.221626087824351089e+03 3.977241506417854850e-15
6.224626087824351089e+03 3.871653339316990719e-15
6.227626087824351089e+03 3.827268251584461726e-15
6.230626087824351089e+03 3.741849718236551837e-15
6.233626087824351089e+03 3.697894553336366298e-15
6.236626087824351089e+03 3.672260956450534619e-15
6.239626087824351089e+03 3.582669936864989757e-15
6.242626087824351089e+03 3.527878039464068416e-15
6.245626087824351089e+03 3.460358536197897072e-15
6.248626087824351089e+03 3.378378565944764813e-15
6.251626087824351089e+03 3.319552152254917955e-15
6.254626087824351089e+03 3.233913288123842174e-15
6.257626087824351089e+03 3.172336044612582634e-15
6.260626087824351089e+03 3.130130481051790765e-15
6.263626087824351089e+03 3.088086709475569466e-15
6.266626087824351089e+03 3.092222218673840784e-15
6.269626087824351089e+03 3.082268198028218717e-15
6.272626087824351089e+03 3.138917455613870453e-15
6.275626087824351089e+03 3.010380444938390100e-15
6.278626087824351089e+03 3.055190894879862488e-15
6.281626087824351089e+03 3.118055354072344219e-15
6.284626087824351089e+03 3.158345109876787252e-15
6.287626087824351089e+03 3.200109901255022742e-15
6.290626087824351089e+03 3.156229276719425433e-15
6.293626087824351089e+03 3.217232632922868432e-15
6.296626087824351089e+03 3.313359018383362146e-15
6.299626087824351089e+03 3.336481597916415850e-15
6.302626087824351089e+03 3.409104545740385095e-15
6.305626087824351089e+03 3.436060981277221703e-15
6.308626087824351089e+03 3.496577738887517314e-15
6.311626087824351089e+03 3.507714357018046575e-15
6.314626087824351089e+03 3.523483600288376345e-15
6.317626087824351089e+03 3.570429290153739571e-15
6.320626087824351089e+03 3.584479470600115202e-15
6.323626087824351089e+03 3.598465696275655396e-15
6.326626087824351089e+03 3.632872132865716127e-15
6.329626087824351089e+03 3.671089027203146946e-15
6.332626087824351089e+03 3.623239731596208107e-15
6.335626087824351089e+03 3.690180897287171420e-15
6.338626087824351089e+03 3.732381489444593649e-15
6.341626087824351089e+03 3.736700409630070859e-15
6.344626087824351089e+03 3.698243780858104777e-15
6.347626087824351089e+03 3.689157713652637204e-15
6.350626087824351089e+03 3.667055708165729634e-15
6.353626087824351089e+03 3.659052003443706611e-15
6.356626087824351089e+03 3.573163176871757176e-15
6.359626087824351089e+03 3.612182942186833382e-15
6.362626087824351089e+03 3.648244292731918707e-15
6.365626087824351089e+03 3.666000180694050847e-15
6.368626087824351089e+03 3.635892955903802930e-15
6.371626087824351089e+03 3.583257641533866866e-15
6.374626087824351089e+03 3.639956049712702388e-15
6.377626087824351089e+03 3.550750527332248202e-15
6.380626087824351089e+03 3.533692758039270771e-15
6.383626087824351089e+03 3.531782914632321634e-15
6.386626087824351089e+03 3.431066559727079554e-15
6.389626087824351089e+03 3.364099682546497862e-15
6.392626087824351089e+03 3.326794139643511205e-15
6.395626087824351089e+03 3.239478210353163424e-15
6.398626087824351089e+03 3.211414206095831421e-15
6.401626087824351089e+03 3.058270554320647379e-15
6.404626087824351089e+03 3.015890379348189196e-15
6.407626087824351089e+03 2.963947645048045970e-15
6.410626087824351089e+03 2.892635261760407864e-15
6.413626087824351089e+03 2.779430612313359624e-15
6.416626087824351089e+03 2.746925715616302543e-15
6.419626087824351089e+03 2.732551029258710179e-15
6.422626087824351089e+03 2.658505455176511092e-15
6.425626087824351089e+03 2.646016950863216674e-15
6.428626087824351089e+03 2.588007440045719310e-15
6.431626087824351089e+03 2.581137533458600127e-15
6.434626087824351089e+03 2.549273677459132899e-15
6.437626087824351089e+03 2.651548210740222297e-15
6.440626087824351089e+03 2.667806683534884200e-15
6.443626087824351089e+03 2.797609994534776890e-15
6.446626087824351089e+03 2.891054017100193044e-15
6.449626087824351089e+03 3.047353845839993099e-15
6.452626087824351089e+03 3.166789335165553162e-15
6.455626087824351089e+03 3.396281484162218840e-15
6.458626087824351089e+03 3.603954088839594061e-15
6.461626087824351089e+03 3.830370316037668325e-15
6.464626087824351089e+03 4.102455635060156959e-15
6.467626087824351089e+03 4.373085160948575570e-15
6.470626087824351089e+03 4.713672844210127197e-15
6.473626087824351089e+03 5.005961511946121747e-15
6.476626087824351089e+03 5.254989764636524316e-15
6.479626087824351089e+03 5.545342487674072653e-15
6.482626087824351089e+03 5.742932009824989681e-15
6.485626087824351089e+03 6.051553546915164601e-15
6.488626087824351089e+03 6.295335351652573178e-15
6.491626087824351089e+03 6.533527171233788714e-15
6.494626087824351089e+03 6.640484624273179194e-15
6.497626087824351089e+03 6.850739351229810374e-15
6.500626087824351089e+03 6.940249569258034505e-15
6.503626087824351089e+03 6.991995429128287454e-15
6.506626087824351089e+03 7.117563098623495176e-15
6.509626087824351089e+03 7.325700718395436179e-15
6.512626087824351089e+03 7.485509824752570285e-15
6.515626087824351089e+03 7.575764511592845694e-15
6.518626087824351089e+03 7.585475854181789040e-15
6.521626087824351089e+03 7.666996295255397682e-15
6.524626087824351089e+03 7.829266301999433628e-15
6.527626087824351089e+03 7.862063589101686169e-15
6.530626087824351089e+03 7.948516586496390107e-15
6.533626087824351089e+03 7.917744174708773842e-15
6.536626087824351089e+03 7.862513002244034250e-15
6.539626087824351089e+03 7.758297450579786273e-15
6.542626087824351089e+03 7.781888129947829733e-15
6.545626087824351089e+03 7.816588353313173771e-15
6.548626087824351089e+03 7.716715621562640851e-15
6.551626087824351089e+03 7.761744097232355501e-15
6.554626087824351089e+03 7.580397520675662845e-15
6.557626087824351089e+03 7.614184963734203354e-15
6.560626087824351089e+03 7.738280470519486110e-15
6.563626087824351089e+03 7.720488429679496500e-15
6.566626087824351089e+03 7.424867004469464257e-15
6.569626087824351089e+03 7.171935563470774548e-15
6.572626087824351089e+03 6.992057345799245420e-15
6.575626087824351089e+03 6.866721455058244182e-15
6.578626087824351089e+03 6.939674209810537153e-15
6.581626087824351089e+03 6.853314507030953270e-15
6.584626087824351089e+03 6.776287736443037936e-15
6.587626087824351089e+03 6.592470827819556373e-15
6.590626087824351089e+03 6.469151520791810788e-15
6.593626087824351089e+03 6.268194898677722102e-15
6.596626087824351089e+03 6.239547234482061436e-15
6.599626087824351089e+03 6.062187045870144091e-15
6.602626087824351089e+03 5.962302739083608065e-15
6.605626087824351089e+03 5.793560093178473822e-15
6.608626087824351089e+03 5.728985110587750408e-15
6.611626087824351089e+03 5.656919396384312579e-15
6.614626087824351089e+03 5.555760109852218107e-15
6.617626087824351089e+03 5.418580936808048303e-15
6.620626087824351089e+03 5.324914254268042004e-15
6.623626087824351089e+03 5.228571890016498369e-15
6.626626087824351089e+03 5.129634881728426982e-15
6.629626087824351089e+03 5.010036668329670123e-15
6.632626087824351089e+03 4.960324911777754859e-15
6.635626087824351089e+03 4.844073540056157426e-15
6.638626087824351089e+03 4.858399697197410189e-15
6.641626087824351089e+03 4.753968618015668977e-15
6.644626087824351089e+03 4.719211206180946272e-15
6.647626087824351089e+03 4.695144204069264077e-15
6.650626087824351089e+03 4.560763802758103540e-15
6.653626087824351089e+03 4.538507821834952846e-15
6.656626087824351089e+03 4.446285532267487519e-15
6.659626087824351089e+03 4.427465367772090534e-15
6.662626087824351089e+03 4.403645024643214567e-15
6.665626087824351089e+03 4.278091199499650618e-15
6.668626087824351089e+03 4.183880505779806720e-15
6.671626087824351089e+03 4.182531340405502412e-15
6.674626087824351089e+03 4.062112781598986685e-15
6.677626087824351089e+03 4.005607701427675380e-15
6.680626087824351089e+03 3.892581530102185450e-15
6.683626087824351089e+03 3.930941378430469407e-15
6.686626087824351089e+03 3.836946756175920982e-15
6.689626087824351089e+03 3.723710727415085615e-15
6.692626087824351089e+03 3.691160780360736298e-15
6.695626087824351089e+03 3.782825626964508967e-15
6.698626087824351089e+03 3.679073790552018980e-15
6.701626087824351089e+03 3.690919430063084155e-15
6.704626087824351089e+03 3.599868911744601448e-15
6.707626087824351089e+03 3.617763376740909545e-15
6.710626087824351089e+03 3.540835709305740624e-15
6.713626087824351089e+03 3.604681405995343449e-15
6.716626087824351089e+03 3.529400447798694726e-15
6.719626087824351089e+03 3.456392309349856460e-15
6.722626087824351089e+03 3.469595752710351131e-15
6.725626087824351089e+03 3.430439262028820402e-15
6.728626087824351089e+03 3.439158663726483367e-15
6.731626087824351089e+03 3.459085261812712068e-15
6.734626087824351089e+03 3.398208512201167976e-15
6.737626087824351089e+03 3.382833739087876328e-15
6.740626087824351089e+03 3.383005207172306980e-15
6.743626087824351089e+03 3.356963539074279396e-15
6.746626087824351089e+03 3.338400258990899312e-15
6.749626087824351089e+03 3.279850700175270013e-15
6.752626087824351089e+03 3.328469752382594100e-15
6.755626087824351089e+03 3.323394555206004438e-15
6.758626087824351089e+03 3.355215979106331086e-15
6.761626087824351089e+03 3.267448591180774626e-15
6.764626087824351089e+03 3.269545574709451540e-15
6.767626087824351089e+03 3.232940517167322700e-15
6.770626087824351089e+03 3.261820561065292081e-15
6.773626087824351089e+03 3.277889900344457021e-15
6.776626087824351089e+03 3.264998847421050617e-15
6.779626087824351089e+03 3.200565663992581879e-15
6.782626087824351089e+03 3.182447308736924793e-15
6.785626087824351089e+03 3.203281524540038063e-15
6.788626087824351089e+03 3.190640382290555501e-15
6.791626087824351089e+03 3.239344131434336818e-15
6.794626087824351089e+03 3.193042715083022697e-15
6.797626087824351089e+03 3.216201534404576662e-15
6.800626087824351089e+03 3.239570697501267872e-15
6.803626087824351089e+03 3.167908301078249546e-15
6.806626087824351089e+03 3.183058152069664972e-15
6.809626087824351089e+03 3.203131356068309554e-15
6.812626087824351089e+03 3.202831673796102525e-15
6.815626087824351089e+03 3.126020866438406710e-15
6.818626087824351089e+03 3.202291190512078800e-15
6.821626087824351089e+03 3.164233068790352389e-15
6.824626087824351089e+03 3.145393067320077648e-15
6.827626087824351089e+03 3.106310535362609070e-15
6.830626087824351089e+03 3.159648361908314362e-15
6.833626087824351089e+03 3.155943560846422421e-15
6.836626087824351089e+03 3.165789385917252974e-15
6.839626087824351089e+03 3.159230953937721175e-15
6.842626087824351089e+03 3.152672521958189770e-15
6.845626087824351089e+03 3.146114089978657971e-15
6.848626087824351089e+03 3.139555657999126172e-15
6.851626087824351089e+03 3.132997226019594373e-15
6.854626087824351089e+03 3.126438794040062573e-15
6.857626087824351089e+03 3.119880362060530774e-15
6.860626087824351089e+03 3.113321930080998975e-15
6.863626087824351089e+03 3.106763498101467176e-15
6.866626087824351089e+03 3.100205066121935377e-15
6.869626087824351089e+03 3.093646634142403577e-15
6.872626087824351089e+03 3.087088202162871778e-15
6.875626087824351089e+03 3.080529770183339979e-15
6.878626087824351089e+03 3.073971338203808180e-15
6.881626087824351089e+03 3.067412906224276775e-15
6.884626087824351089e+03 3.060854474244744976e-15
6.887626087824351089e+03 3.054296042265213176e-15
6.890626087824351089e+03 3.047737610285681377e-15
6.893626087824351089e+03 3.041179178306149578e-15
6.896626087824351089e+03 3.034620746326617779e-15
6.899626087824351089e+03 3.028062314347085980e-15
6.902626087824351089e+03 3.021503882367554180e-15
6.905626087824351089e+03 3.014945450388022381e-15
6.908626087824351089e+03 3.008387018408490582e-15
6.911626087824351089e+03 3.001828586428958783e-15
6.914626087824351089e+03 2.995270154449426984e-15
6.917626087824351089e+03 2.988711722469895184e-15
6.920626087824351089e+03 2.982153290490363780e-15
6.923626087824351089e+03 2.975594858510831980e-15
6.926626087824351089e+03 2.969036426531300181e-15
6.929626087824351089e+03 2.962477994551768382e-15
6.932626087824351089e+03 2.955919562572236583e-15
6.935626087824351089e+03 2.949361130592704783e-15
6.938626087824351089e+03 3.004359145627762816e-15
6.941626087824351089e+03 2.988684886667901421e-15
6.944626087824351089e+03 3.029582951700676903e-15
6.947626087824351089e+03 3.011173451244554442e-15
6.950626087824351089e+03 3.047346299904882684e-15
6.953626087824351089e+03 3.026249485273964996e-15
6.956626087824351089e+03 2.994093924575866359e-15
6.959626087824351089e+03 2.990692006623766559e-15
6.962626087824351089e+03 3.025864422980546275e-15
6.965626087824351089e+03 2.982613880071760956e-15
6.968626087824351089e+03 2.956370847030608238e-15
6.971626087824351089e+03 2.913987055162370040e-15
6.974626087824351089e+03 2.960637932132797379e-15
6.977626087824351089e+03 2.996229600399740127e-15
6.980626087824351089e+03 3.029639465929313407e-15
6.983626087824351089e+03 2.948010081046922885e-15
6.986626087824351089e+03 2.969420737824650880e-15
6.989626087824351089e+03 2.913295005104157585e-15
6.992626087824351089e+03 2.939398976540891260e-15
6.995626087824351089e+03 2.931659845021793094e-15
6.998626087824351089e+03 3.006466500065141728e-15
7.001626087824351089e+03 2.959402350033318229e-15
7.004626087824351089e+03 3.088899863197078701e-15
7.007626087824351089e+03 3.049123558188423021e-15
7.010626087824351089e+03 2.956218105299381479e-15
7.013626087824351089e+03 2.897349459946525223e-15
7.016626087824351089e+03 2.937375853071993945e-15
7.019626087824351089e+03 2.912666886220414584e-15
7.022626087824351089e+03 2.907841817042771488e-15
7.025626087824351089e+03 2.927681060900814944e-15
7.028626087824351089e+03 2.869338230434744127e-15
7.031626087824351089e+03 2.868937023014867599e-15
7.034626087824351089e+03 2.843882870973942910e-15
7.037626087824351089e+03 2.949271159393674888e-15
7.040626087824351089e+03 2.966158226616257258e-15
7.043626087824351089e+03 2.907071846460504363e-15
7.046626087824351089e+03 2.938568609777945709e-15
7.049626087824351089e+03 2.913916387538300070e-15
7.052626087824351089e+03 2.911002672582634838e-15
7.055626087824351089e+03 2.908569503221989895e-15
7.058626087824351089e+03 2.815231685782523084e-15
7.061626087824351089e+03 2.917131748294215904e-15
7.064626087824351089e+03 2.954042021078183340e-15
7.067626087824351089e+03 2.875284359607226212e-15
7.070626087824351089e+03 2.835230661005157102e-15
7.073626087824351089e+03 2.785089153513508193e-15
7.076626087824351089e+03 2.825896418623097210e-15
7.079626087824351089e+03 2.851915683904441800e-15
7.082626087824351089e+03 2.840334255202515356e-15
7.085626087824351089e+03 2.855390048892142707e-15
7.088626087824351089e+03 2.868920167878254124e-15
7.091626087824351089e+03 2.867408592703578615e-15
7.094626087824351089e+03 2.862094360108278194e-15
7.097626087824351089e+03 2.817833200515618511e-15
7.100626087824351089e+03 2.853576200829567715e-15
7.103626087824351089e+03 2.833901521253913619e-15
7.106626087824351089e+03 2.777553932653052054e-15
7.109626087824351089e+03 2.830225135220081079e-15
7.112626087824351089e+03 2.851733888380858638e-15
7.115626087824351089e+03 2.846318387267049342e-15
7.118626087824351089e+03 2.862716308939974840e-15
7.121626087824351089e+03 2.829118765844272402e-15
7.124626087824351089e+03 2.840895668980870661e-15
7.127626087824351089e+03 2.804514363923592483e-15
7.130626087824351089e+03 2.819630800875943537e-15
7.133626087824351089e+03 2.837040284862389521e-15
7.136626087824351089e+03 2.868964090981349705e-15
7.139626087824351089e+03 2.792549079921208726e-15
7.142626087824351089e+03 2.802982507937200897e-15
7.145626087824351089e+03 2.832922280373944400e-15
7.148626087824351089e+03 2.782864748236818918e-15
7.151626087824351089e+03 2.763080757630187871e-15
7.154626087824351089e+03 2.734333585707646241e-15
7.157626087824351089e+03 2.738243617313294214e-15
7.160626087824351089e+03 2.782371052998893875e-15
7.163626087824351089e+03 2.776866989193104006e-15
7.166626087824351089e+03 2.820927034806754331e-15
7.169626087824351089e+03 2.763758750475657484e-15
7.172626087824351089e+03 2.787475284159062587e-15
7.175626087824351089e+03 2.746344675393712904e-15
7.178626087824351089e+03 2.745179971316803477e-15
7.181626087824351089e+03 2.750557346526735713e-15
7.184626087824351089e+03 2.705295972775722600e-15
7.187626087824351089e+03 2.759496599817154855e-15
7.190626087824351089e+03 2.792185645444340216e-15
7.193626087824351089e+03 2.795605107921618717e-15
7.196626087824351089e+03 2.742768958821263116e-15
7.199626087824351089e+03 2.740506435026246472e-15
7.202626087824351089e+03 2.755003056339753873e-15
7.205626087824351089e+03 2.825771032424306405e-15
7.208626087824351089e+03 2.792675372498047468e-15
7.211626087824351089e+03 2.765614044840707338e-15
7.214626087824351089e+03 2.787980737684401620e-15
7.217626087824351089e+03 2.778950077805498918e-15
7.220626087824351089e+03 2.786562402461796279e-15
7.223626087824351089e+03 2.750468876753236763e-15
7.226626087824351089e+03 2.830245088800525048e-15
7.229626087824351089e+03 2.770985307045086147e-15
7.232626087824351089e+03 2.809765352083700300e-15
7.235626087824351089e+03 2.805423861215671567e-15
7.238626087824351089e+03 2.767528834533677143e-15
7.241626087824351089e+03 2.832697877956148215e-15
7.244626087824351089e+03 2.724140693687571323e-15
7.247626087824351089e+03 2.790485914491191871e-15
7.250626087824351089e+03 2.724452756583479137e-15
7.253626087824351089e+03 2.786776919344064975e-15
7.256626087824351089e+03 2.766674818804512822e-15
7.259626087824351089e+03 2.769809226761012536e-15
7.262626087824351089e+03 2.737565023253885710e-15
7.265626087824351089e+03 2.774280729883196576e-15
7.268626087824351089e+03 2.835321615708189027e-15
7.271626087824351089e+03 2.834533382673586194e-15
7.274626087824351089e+03 2.795267217031768325e-15
7.277626087824351089e+03 2.799703877771541906e-15
7.280626087824351089e+03 2.708539237119797215e-15
7.283626087824351089e+03 2.757179484098717010e-15
7.286626087824351089e+03 2.755087922983880521e-15
7.289626087824351089e+03 2.743032008321784762e-15
7.292626087824351089e+03 2.713027214568041006e-15
7.295626087824351089e+03 2.765890686179504371e-15
7.298626087824351089e+03 2.754222542518532266e-15
7.301626087824351089e+03 2.695183506892210583e-15
7.304626087824351089e+03 2.693684203811701794e-15
7.307626087824351089e+03 2.671094303962916316e-15
7.310626087824351089e+03 2.712610350806890766e-15
7.313626087824351089e+03 2.695142109625117386e-15
7.316626087824351089e+03 2.695924697904955214e-15
7.319626087824351089e+03 2.723114753381678792e-15
7.322626087824351089e+03 2.753364283309261099e-15
7.325626087824351089e+03 2.746764477619187485e-15
7.328626087824351089e+03 2.665990027944315406e-15
7.331626087824351089e+03 2.679947352745753222e-15
7.334626087824351089e+03 2.650259004228817841e-15
7.337626087824351089e+03 2.658573195358313979e-15
7.340626087824351089e+03 2.674715160526585054e-15
7.343626087824351089e+03 2.671139526421788405e-15
7.346626087824351089e+03 2.633435580805005396e-15
7.349626087824351089e+03 2.619229751039168255e-15
7.352626087824351089e+03 2.622426545930075416e-15
7.355626087824351089e+03 2.654039386935752785e-15
7.358626087824351089e+03 2.664556574894884559e-15
7.361626087824351089e+03 2.671860845049431837e-15
7.364626087824351089e+03 2.688138855721376362e-15
7.367626087824351089e+03 2.709616514248600399e-15
7.370626087824351089e+03 2.664840885859463136e-15
7.373626087824351089e+03 2.705079159757522224e-15
7.376626087824351089e+03 2.663455369769710341e-15
7.379626087824351089e+03 2.699470680895602007e-15
7.382626087824351089e+03 2.672818003456680292e-15
7.385626087824351089e+03 2.625875130607542481e-15
7.388626087824351089e+03 2.679023637009922165e-15
7.391626087824351089e+03 2.656140531755184067e-15
7.394626087824351089e+03 2.672452994761198514e-15
7.397626087824351089e+03 2.685368702636331264e-15
